year	mon	day	hr	min	sec	deciday	distance(5Km_bin)	depth(m)	U_Vel(cm/s)	V_Vel(cm/s)	Latitude	Longitude(360deg)	Longitude	U_Tide(cm/s)	V_Tide(cm/s)	U_Vel-U_Tide(cm/s)	V_Vel-V_Tide(cm/s)	Vol_Transport_V_Raw(m^3/s)	Vol_Transport_V_Raw-V_Tide(m^3/s)
2012	11	21	14	55	1	326	5.0	-40.0	5.44	-12.59	53.23	304.36	-55.64	-0.440	3.210	5.880	-15.800	-5036.000	-6320.000
2012	11	21	14	55	1	326	5.0	-48.0	1.96	-7.11	53.23	304.35	-55.65	-0.450	3.250	2.410	-10.360	-2844.000	-4144.000
2012	11	21	14	55	1	326	5.0	-56.0	5.74	-10.51	53.25	304.38	-55.62	-0.530	3.060	6.270	-13.570	-4204.000	-5428.000
2012	11	21	14	55	1	326	5.0	-64.0	13.37	-0.27	53.26	304.40	-55.60	-0.700	3.060	14.070	-3.330	-108.000	-1332.000
2012	11	21	14	55	1	326	5.0	-72.0	14.57	5.23	53.26	304.40	-55.60	-0.700	3.060	15.270	2.170	2092.000	868.000
2012	11	21	15	13	1	326	10.0	-56.0	-8.00	-20.72	53.29	304.44	-55.56	-1.070	3.100	-6.930	-23.820	-8288.000	-9528.000
2012	11	21	15	13	1	326	10.0	-64.0	3.54	-9.91	53.28	304.43	-55.57	-0.910	2.990	4.450	-12.900	-3964.000	-5160.000
2012	11	21	15	13	1	326	10.0	-72.0	3.79	-3.26	53.28	304.43	-55.57	-0.910	2.990	4.700	-6.250	-1304.000	-2500.000
2012	11	21	15	13	1	326	10.0	-80.0	4.79	3.94	53.28	304.43	-55.57	-0.910	2.990	5.700	0.950	1576.000	380.000
2012	11	21	15	13	1	326	10.0	-88.0	6.80	-1.62	53.29	304.44	-55.56	-1.070	3.100	7.870	-4.720	-648.000	-1888.000
2012	11	21	15	13	1	326	10.0	-96.0	6.40	10.68	53.29	304.44	-55.56	-1.070	3.100	7.470	7.580	4272.000	3032.000
2012	11	21	15	13	1	326	10.0	-104.0	4.70	9.88	53.29	304.44	-55.56	-1.070	3.100	5.770	6.780	3952.000	2712.000
2012	11	21	16	28	1	326	15.0	-32.0	14.29	-38.34	53.33	304.50	-55.50	-0.850	1.950	15.140	-40.290	-15336.000	-16116.000
2012	11	21	16	28	1	326	15.0	-40.0	14.20	-36.30	53.33	304.50	-55.50	-0.850	1.950	15.050	-38.250	-14520.000	-15300.000
2012	11	21	16	28	1	326	15.0	-48.0	13.67	-33.88	53.33	304.50	-55.50	-0.850	1.950	14.520	-35.830	-13552.000	-14332.000
2012	11	21	16	28	1	326	15.0	-56.0	14.62	-25.48	53.33	304.50	-55.50	-0.850	1.950	15.470	-27.430	-10192.000	-10972.000
2012	11	21	16	28	1	326	15.0	-64.0	9.44	-15.41	53.33	304.50	-55.50	-0.850	1.950	10.290	-17.360	-6164.000	-6944.000
2012	11	21	16	28	1	326	15.0	-72.0	3.35	-9.73	53.33	304.50	-55.50	-0.850	1.950	4.200	-11.680	-3892.000	-4672.000
2012	11	21	16	28	1	326	15.0	-80.0	-0.76	-9.39	53.33	304.50	-55.50	-0.850	1.950	0.090	-11.340	-3756.000	-4536.000
2012	11	21	16	28	1	326	15.0	-88.0	-3.45	-9.97	53.33	304.50	-55.50	-0.850	1.950	-2.600	-11.920	-3988.000	-4768.000
2012	11	21	16	28	1	326	15.0	-96.0	-8.90	-7.86	53.33	304.50	-55.50	-0.850	1.950	-8.050	-9.810	-3144.000	-3924.000
2012	11	21	16	28	1	326	15.0	-104.0	-11.56	-10.83	53.33	304.50	-55.50	-0.850	1.950	-10.710	-12.780	-4332.000	-5112.000
2012	11	21	16	28	1	326	15.0	-112.0	-10.38	-9.56	53.32	304.50	-55.50	-0.790	1.860	-9.590	-11.420	-3824.000	-4568.000
2012	11	21	16	28	1	326	15.0	-120.0	0.16	5.51	53.30	304.46	-55.54	-0.580	1.740	0.740	3.770	2204.000	1508.000
2012	11	21	16	28	1	326	15.0	-128.0	-7.54	13.51	53.30	304.46	-55.54	-0.580	1.740	-6.960	11.770	5404.000	4708.000
2012	11	21	17	32	1	326	20.0	-48.0	22.20	-25.80	53.34	304.53	-55.47	0.260	-0.030	21.940	-25.770	-10320.000	-10308.000
2012	11	21	17	32	1	326	20.0	-56.0	12.20	-23.70	53.34	304.53	-55.47	0.260	-0.030	11.940	-23.670	-9480.000	-9468.000
2012	11	21	17	32	1	326	20.0	-64.0	8.91	-18.87	53.33	304.52	-55.48	0.220	-0.020	8.690	-18.850	-7548.000	-7540.000
2012	11	21	17	32	1	326	20.0	-72.0	5.15	-16.85	53.34	304.53	-55.47	0.260	-0.030	4.890	-16.820	-6740.000	-6728.000
2012	11	21	17	32	1	326	20.0	-80.0	-3.80	-17.35	53.34	304.53	-55.47	0.260	-0.030	-4.060	-17.320	-6940.000	-6928.000
2012	11	21	17	32	1	326	20.0	-88.0	-3.45	-10.70	53.34	304.53	-55.47	0.260	-0.030	-3.710	-10.670	-4280.000	-4268.000
2012	11	21	17	32	1	326	20.0	-96.0	-8.55	-8.10	53.34	304.53	-55.47	0.260	-0.030	-8.810	-8.070	-3240.000	-3228.000
2012	11	21	17	32	1	326	20.0	-104.0	-7.69	-13.87	53.33	304.52	-55.48	0.220	-0.020	-7.910	-13.850	-5548.000	-5540.000
2012	11	21	18	15	1	326	30.0	-32.0	-11.03	-17.46	53.41	304.64	-55.36	1.350	-1.430	-12.380	-16.030	-6984.000	-6412.000
2012	11	21	18	15	1	326	30.0	-40.0	-8.15	-25.42	53.41	304.64	-55.36	1.350	-1.430	-9.500	-23.990	-10168.000	-9596.000
2012	11	21	18	15	1	326	30.0	-48.0	-8.10	-22.00	53.41	304.64	-55.36	1.350	-1.430	-9.450	-20.570	-8800.000	-8228.000
2012	11	21	18	15	1	326	30.0	-56.0	-7.93	-26.80	53.41	304.64	-55.36	1.350	-1.430	-9.280	-25.370	-10720.000	-10148.000
2012	11	21	18	15	1	326	30.0	-64.0	-9.44	-23.42	53.41	304.64	-55.36	1.350	-1.430	-10.790	-21.990	-9368.000	-8796.000
2012	11	21	18	15	1	326	30.0	-72.0	-8.92	-21.45	53.41	304.64	-55.36	1.350	-1.430	-10.270	-20.020	-8580.000	-8008.000
2012	11	21	18	15	1	326	30.0	-80.0	-7.30	-22.15	53.41	304.64	-55.36	1.350	-1.430	-8.650	-20.720	-8860.000	-8288.000
2012	11	21	18	15	1	326	30.0	-88.0	-9.86	-20.14	53.41	304.64	-55.36	1.350	-1.430	-11.210	-18.710	-8056.000	-7484.000
2012	11	21	18	15	1	326	30.0	-96.0	-11.06	-24.00	53.41	304.64	-55.36	1.350	-1.430	-12.410	-22.570	-9600.000	-9028.000
2012	11	21	18	15	1	326	30.0	-104.0	-8.01	-26.46	53.41	304.64	-55.36	1.350	-1.430	-9.360	-25.030	-10584.000	-10012.000
2012	11	21	18	15	1	326	30.0	-112.0	-4.72	-28.18	53.41	304.64	-55.36	1.350	-1.430	-6.070	-26.750	-11272.000	-10700.000
2012	11	21	18	15	1	326	30.0	-120.0	-2.91	-26.92	53.41	304.64	-55.36	1.350	-1.430	-4.260	-25.490	-10768.000	-10196.000
2012	11	21	18	15	1	326	30.0	-128.0	-4.64	-27.76	53.41	304.64	-55.36	1.350	-1.430	-5.990	-26.330	-11104.000	-10532.000
2012	11	21	18	15	1	326	30.0	-136.0	-4.36	-27.10	53.41	304.64	-55.36	1.350	-1.430	-5.710	-25.670	-10840.000	-10268.000
2012	11	21	19	0	1	326	40.0	-64.0	22.69	-13.72	53.48	304.76	-55.24	2.330	-2.770	20.360	-10.950	-5488.000	-4380.000
2012	11	21	19	0	1	326	40.0	-88.0	13.29	-23.61	53.48	304.76	-55.24	2.330	-2.770	10.960	-20.840	-9444.000	-8336.000
2012	11	21	19	0	1	326	40.0	-112.0	10.69	-28.61	53.48	304.76	-55.24	2.330	-2.770	8.360	-25.840	-11444.000	-10336.000
2012	11	21	20	5	1	326	50.0	-32.0	28.38	-6.20	53.54	304.86	-55.14	2.940	-3.580	25.440	-2.620	-2480.000	-1048.000
2012	11	21	20	5	1	326	50.0	-40.0	20.35	-8.93	53.54	304.87	-55.13	2.980	-3.580	17.370	-5.350	-3572.000	-2140.000
2012	11	21	20	5	1	326	50.0	-48.0	18.23	-5.44	53.54	304.87	-55.13	2.980	-3.580	15.250	-1.860	-2176.000	-744.000
2012	11	21	20	5	1	326	50.0	-56.0	20.35	-11.31	53.54	304.86	-55.14	2.940	-3.580	17.410	-7.730	-4524.000	-3092.000
2012	11	21	20	5	1	326	50.0	-64.0	18.61	-10.25	53.54	304.86	-55.14	2.940	-3.580	15.670	-6.670	-4100.000	-2668.000
2012	11	21	20	5	1	326	50.0	-72.0	12.27	-11.87	53.54	304.86	-55.14	2.940	-3.580	9.330	-8.290	-4748.000	-3316.000
2012	11	21	20	5	1	326	50.0	-80.0	13.06	-9.64	53.54	304.86	-55.14	2.940	-3.580	10.120	-6.060	-3856.000	-2424.000
2012	11	21	20	5	1	326	50.0	-88.0	13.68	-12.70	53.54	304.86	-55.14	2.940	-3.580	10.740	-9.120	-5080.000	-3648.000
2012	11	21	20	5	1	326	50.0	-96.0	8.66	-11.66	53.54	304.86	-55.14	2.940	-3.580	5.720	-8.080	-4664.000	-3232.000
2012	11	21	20	5	1	326	50.0	-104.0	9.75	-11.49	53.54	304.86	-55.14	2.940	-3.580	6.810	-7.910	-4596.000	-3164.000
2012	11	21	20	5	1	326	50.0	-112.0	8.34	-12.32	53.54	304.86	-55.14	2.940	-3.580	5.400	-8.740	-4928.000	-3496.000
2012	11	21	20	5	1	326	50.0	-120.0	8.54	-8.04	53.54	304.87	-55.13	2.980	-3.580	5.560	-4.460	-3216.000	-1784.000
2012	11	21	20	5	1	326	50.0	-128.0	10.11	-8.59	53.54	304.86	-55.14	2.940	-3.580	7.170	-5.010	-3436.000	-2004.000
2012	11	21	20	5	1	326	50.0	-136.0	7.86	-4.56	53.54	304.86	-55.14	2.940	-3.580	4.920	-0.980	-1824.000	-392.000
2012	11	21	20	5	1	326	50.0	-144.0	1.85	-1.54	53.54	304.86	-55.14	2.940	-3.580	-1.090	2.040	-616.000	816.000
2012	11	21	20	5	1	326	50.0	-152.0	3.75	-3.51	53.54	304.86	-55.14	2.940	-3.580	0.810	0.070	-1404.000	28.000
2012	11	21	20	5	1	326	50.0	-160.0	5.70	-6.99	53.54	304.86	-55.14	2.940	-3.580	2.760	-3.410	-2796.000	-1364.000
2012	11	21	20	5	1	326	50.0	-168.0	4.32	-8.23	53.54	304.87	-55.13	2.980	-3.580	1.340	-4.650	-3292.000	-1860.000
2012	11	21	20	5	1	326	50.0	-176.0	9.66	-8.64	53.54	304.88	-55.13	2.980	-3.580	6.680	-5.060	-3456.000	-2024.000
2012	11	21	20	56	1	326	55.0	-72.0	17.94	-5.66	53.57	304.91	-55.09	2.660	-3.470	15.280	-2.190	-2264.000	-876.000
2012	11	21	20	56	1	326	55.0	-80.0	25.14	-7.06	53.57	304.91	-55.09	2.660	-3.470	22.480	-3.590	-2824.000	-1436.000
2012	11	21	20	56	1	326	55.0	-88.0	10.04	-4.86	53.57	304.91	-55.09	2.660	-3.470	7.380	-1.390	-1944.000	-556.000
2012	11	21	20	56	1	326	55.0	-96.0	0.34	-2.96	53.57	304.91	-55.09	2.660	-3.470	-2.320	0.510	-1184.000	204.000
2012	11	21	20	56	1	326	55.0	-104.0	13.33	-5.93	53.57	304.91	-55.09	2.660	-3.470	10.670	-2.460	-2372.000	-984.000
2012	11	21	20	56	1	326	55.0	-112.0	12.56	1.57	53.57	304.91	-55.09	2.660	-3.470	9.900	5.040	628.000	2016.000
2012	11	21	20	56	1	326	55.0	-120.0	14.83	-3.23	53.57	304.91	-55.09	2.660	-3.470	12.170	0.240	-1292.000	96.000
2012	11	21	20	56	1	326	55.0	-128.0	11.20	-6.63	53.57	304.91	-55.09	2.660	-3.470	8.540	-3.160	-2652.000	-1264.000
2012	11	21	20	56	1	326	55.0	-136.0	18.93	-7.50	53.57	304.91	-55.09	2.660	-3.470	16.270	-4.030	-3000.000	-1612.000
2012	11	21	20	56	1	326	55.0	-144.0	11.63	-9.87	53.57	304.91	-55.09	2.660	-3.470	8.970	-6.400	-3948.000	-2560.000
2012	11	21	20	56	1	326	55.0	-152.0	7.20	-9.90	53.57	304.91	-55.09	2.660	-3.470	4.540	-6.430	-3960.000	-2572.000
2012	11	21	20	56	1	326	55.0	-160.0	13.33	-0.47	53.57	304.91	-55.09	2.660	-3.470	10.670	3.000	-188.000	1200.000
2012	11	21	20	56	1	326	55.0	-168.0	10.87	-1.70	53.57	304.91	-55.09	2.660	-3.470	8.210	1.770	-680.000	708.000
2012	11	21	20	56	1	326	55.0	-176.0	9.76	0.13	53.57	304.91	-55.09	2.660	-3.470	7.100	3.600	52.000	1440.000
2012	11	21	20	56	1	326	55.0	-184.0	8.77	-1.03	53.57	304.91	-55.09	2.660	-3.470	6.110	2.440	-412.000	976.000
2012	11	21	20	56	1	326	55.0	-192.0	10.63	-0.73	53.57	304.91	-55.09	2.660	-3.470	7.970	2.740	-292.000	1096.000
2012	11	21	20	56	1	326	55.0	-200.0	13.04	0.57	53.57	304.92	-55.08	2.670	-3.470	10.370	4.040	228.000	1616.000
2012	11	21	20	56	1	326	55.0	-208.0	9.64	0.17	53.57	304.92	-55.08	2.670	-3.470	6.970	3.640	68.000	1456.000
2012	11	21	20	56	1	326	55.0	-216.0	11.14	2.77	53.57	304.92	-55.08	2.670	-3.470	8.470	6.240	1108.000	2496.000
2012	11	21	20	56	1	326	55.0	-224.0	12.54	-0.73	53.57	304.92	-55.08	2.670	-3.470	9.870	2.740	-292.000	1096.000
2012	11	21	20	56	1	326	55.0	-232.0	7.39	-3.53	53.57	304.92	-55.08	2.670	-3.470	4.720	-0.060	-1412.000	-24.000
2012	11	21	20	56	1	326	55.0	-240.0	7.64	4.60	53.58	304.93	-55.07	2.690	-3.420	4.950	8.020	1840.000	3208.000
2012	11	21	20	56	1	326	55.0	-248.0	8.04	-3.40	53.58	304.93	-55.07	2.690	-3.420	5.350	0.020	-1360.000	8.000
2012	11	21	21	12	1	326	60.0	-56.0	4.01	1.20	53.58	304.94	-55.06	2.450	-3.300	1.560	4.500	480.000	1800.000
2012	11	21	21	12	1	326	60.0	-64.0	10.23	-0.42	53.59	304.96	-55.04	2.470	-3.260	7.760	2.840	-168.000	1136.000
2012	11	21	21	12	1	326	60.0	-72.0	10.28	8.93	53.59	304.96	-55.04	2.470	-3.260	7.810	12.190	3572.000	4876.000
2012	11	21	21	12	1	326	60.0	-80.0	15.18	6.70	53.59	304.95	-55.05	2.460	-3.260	12.720	9.960	2680.000	3984.000
2012	11	21	21	12	1	326	60.0	-96.0	10.24	3.51	53.60	304.96	-55.04	2.470	-3.220	7.770	6.730	1404.000	2692.000
2012	11	21	21	12	1	326	60.0	-104.0	11.11	7.98	53.60	304.96	-55.04	2.470	-3.220	8.640	11.200	3192.000	4480.000
2012	11	21	21	12	1	326	60.0	-112.0	8.64	11.48	53.60	304.97	-55.03	2.490	-3.220	6.150	14.700	4592.000	5880.000
2012	11	21	21	12	1	326	60.0	-120.0	5.67	8.63	53.60	304.97	-55.03	2.490	-3.220	3.180	11.850	3452.000	4740.000
2012	11	21	21	12	1	326	60.0	-128.0	5.07	9.65	53.60	304.97	-55.03	2.490	-3.220	2.580	12.870	3860.000	5148.000
2012	11	21	21	12	1	326	60.0	-136.0	6.52	8.13	53.60	304.97	-55.03	2.490	-3.220	4.030	11.350	3252.000	4540.000
2012	11	21	21	12	1	326	60.0	-144.0	2.94	7.00	53.60	304.97	-55.03	2.490	-3.220	0.450	10.220	2800.000	4088.000
2012	11	21	21	12	1	326	60.0	-152.0	4.09	11.90	53.60	304.97	-55.03	2.490	-3.220	1.600	15.120	4760.000	6048.000
2012	11	21	21	12	1	326	60.0	-160.0	0.47	8.75	53.60	304.97	-55.03	2.490	-3.220	-2.020	11.970	3500.000	4788.000
2012	11	21	21	12	1	326	60.0	-168.0	0.14	7.95	53.60	304.97	-55.03	2.490	-3.220	-2.350	11.170	3180.000	4468.000
2012	11	21	21	12	1	326	60.0	-176.0	-3.43	6.75	53.60	304.97	-55.03	2.490	-3.220	-5.920	9.970	2700.000	3988.000
2012	11	21	21	12	1	326	60.0	-184.0	-0.56	9.25	53.60	304.97	-55.03	2.490	-3.220	-3.050	12.470	3700.000	4988.000
2012	11	21	21	12	1	326	60.0	-192.0	-1.53	15.05	53.60	304.97	-55.03	2.490	-3.220	-4.020	18.270	6020.000	7308.000
2012	11	21	21	12	1	326	60.0	-200.0	-4.33	12.80	53.60	304.97	-55.03	2.490	-3.220	-6.820	16.020	5120.000	6408.000
2012	11	21	21	12	1	326	60.0	-208.0	-0.41	17.25	53.60	304.97	-55.03	2.490	-3.220	-2.900	20.470	6900.000	8188.000
2012	11	21	21	12	1	326	60.0	-216.0	-2.11	16.65	53.60	304.97	-55.03	2.490	-3.220	-4.600	19.870	6660.000	7948.000
2012	11	21	21	12	1	326	60.0	-224.0	-3.11	17.00	53.60	304.97	-55.03	2.490	-3.220	-5.600	20.220	6800.000	8088.000
2012	11	21	21	12	1	326	60.0	-232.0	-6.96	18.22	53.60	304.97	-55.03	2.490	-3.220	-9.450	21.440	7288.000	8576.000
2012	11	21	21	12	1	326	60.0	-240.0	-6.11	19.05	53.60	304.97	-55.03	2.490	-3.220	-8.600	22.270	7620.000	8908.000
2012	11	21	21	12	1	326	60.0	-248.0	-11.03	17.25	53.60	304.97	-55.03	2.490	-3.220	-13.520	20.470	6900.000	8188.000
2012	11	21	21	12	1	326	60.0	-256.0	-10.13	17.43	53.60	304.97	-55.03	2.490	-3.220	-12.620	20.650	6972.000	8260.000
2012	11	21	21	12	1	326	60.0	-264.0	-7.34	22.75	53.61	304.98	-55.02	2.500	-3.180	-9.840	25.930	9100.000	10372.000
2012	11	21	21	12	1	326	60.0	-272.0	-13.65	13.86	53.60	304.97	-55.03	2.490	-3.220	-16.140	17.080	5544.000	6832.000
2012	11	21	21	41	1	326	65.0	-48.0	-2.90	25.44	53.62	304.99	-55.01	1.920	-2.820	-4.820	28.260	10176.000	11304.000
2012	11	21	21	41	1	326	65.0	-56.0	5.30	24.74	53.62	304.99	-55.01	1.920	-2.820	3.380	27.560	9896.000	11024.000
2012	11	21	21	41	1	326	65.0	-64.0	-1.60	12.34	53.62	305.00	-55.00	1.930	-2.820	-3.530	15.160	4936.000	6064.000
2012	11	21	21	41	1	326	65.0	-72.0	8.10	12.34	53.62	305.00	-55.00	1.930	-2.820	6.170	15.160	4936.000	6064.000
2012	11	21	21	41	1	326	65.0	-80.0	-1.68	14.07	53.62	305.00	-55.00	1.930	-2.820	-3.610	16.890	5628.000	6756.000
2012	11	21	21	41	1	326	65.0	-88.0	0.42	17.90	53.62	305.00	-55.00	1.930	-2.820	-1.510	20.720	7160.000	8288.000
2012	11	21	21	41	1	326	65.0	-96.0	-2.53	16.44	53.62	305.00	-55.00	1.930	-2.820	-4.460	19.260	6576.000	7704.000
2012	11	21	21	41	1	326	65.0	-104.0	-2.43	18.91	53.62	305.00	-55.00	1.930	-2.820	-4.360	21.730	7564.000	8692.000
2012	11	21	21	41	1	326	65.0	-112.0	-6.28	19.49	53.62	305.00	-55.00	1.930	-2.820	-8.210	22.310	7796.000	8924.000
2012	11	21	21	41	1	326	65.0	-120.0	-4.16	24.89	53.62	305.00	-55.00	1.930	-2.820	-6.090	27.710	9956.000	11084.000
2012	11	21	21	41	1	326	65.0	-128.0	-9.54	26.13	53.62	305.00	-55.00	1.930	-2.820	-11.470	28.950	10452.000	11580.000
2012	11	21	21	41	1	326	65.0	-136.0	-6.71	17.41	53.62	305.00	-55.00	1.930	-2.820	-8.640	20.230	6964.000	8092.000
2012	11	21	21	41	1	326	65.0	-144.0	-5.18	16.90	53.62	305.00	-55.00	1.930	-2.820	-7.110	19.720	6760.000	7888.000
2012	11	21	21	41	1	326	65.0	-152.0	-8.19	17.37	53.62	305.00	-55.00	1.930	-2.820	-10.120	20.190	6948.000	8076.000
2012	11	21	21	41	1	326	65.0	-160.0	-13.02	21.20	53.62	305.00	-55.00	1.930	-2.820	-14.950	24.020	8480.000	9608.000
2012	11	21	21	41	1	326	65.0	-168.0	-10.01	21.69	53.62	305.00	-55.00	1.930	-2.820	-11.940	24.510	8676.000	9804.000
2012	11	21	21	41	1	326	65.0	-176.0	-8.83	8.74	53.62	305.00	-55.00	1.930	-2.820	-10.760	11.560	3496.000	4624.000
2012	11	21	21	41	1	326	65.0	-192.0	-23.29	28.93	53.62	305.00	-55.00	1.930	-2.820	-25.220	31.750	11572.000	12700.000
2012	11	21	21	41	1	326	65.0	-200.0	-27.59	30.58	53.62	305.00	-55.00	1.930	-2.820	-29.520	33.400	12232.000	13360.000
2012	11	21	21	41	1	326	65.0	-208.0	-24.79	32.18	53.62	305.00	-55.00	1.930	-2.820	-26.720	35.000	12872.000	14000.000
2012	11	21	21	41	1	326	65.0	-216.0	-29.84	32.78	53.62	305.00	-55.00	1.930	-2.820	-31.770	35.600	13112.000	14240.000
2012	11	21	21	41	1	326	65.0	-224.0	-27.34	38.18	53.62	305.00	-55.00	1.930	-2.820	-29.270	41.000	15272.000	16400.000
2012	11	21	21	41	1	326	65.0	-232.0	-30.24	32.83	53.62	305.00	-55.00	1.930	-2.820	-32.170	35.650	13132.000	14260.000
2012	11	21	21	41	1	326	65.0	-240.0	-29.63	27.14	53.62	305.00	-55.00	1.930	-2.820	-31.560	29.960	10856.000	11984.000
2012	11	21	23	47	1	326	85.0	-32.0	-9.14	10.64	53.76	305.22	-54.78	-2.190	0.260	-6.950	10.380	4256.000	4152.000
2012	11	21	23	47	1	326	85.0	-40.0	-3.74	17.24	53.76	305.22	-54.78	-2.190	0.260	-1.550	16.980	6896.000	6792.000
2012	11	21	23	47	1	326	85.0	-48.0	3.33	16.38	53.76	305.23	-54.77	-2.190	0.240	5.520	16.140	6552.000	6456.000
2012	11	21	23	47	1	326	85.0	-56.0	-0.21	13.51	53.76	305.22	-54.78	-2.190	0.260	1.980	13.250	5404.000	5300.000
2012	11	21	23	47	1	326	85.0	-64.0	8.00	16.85	53.76	305.23	-54.77	-2.190	0.240	10.190	16.610	6740.000	6644.000
2012	11	21	23	47	1	326	85.0	-72.0	4.45	22.93	53.76	305.23	-54.77	-2.190	0.240	6.640	22.690	9172.000	9076.000
2012	11	21	23	47	1	326	85.0	-80.0	-0.04	24.38	53.76	305.22	-54.78	-2.190	0.260	2.150	24.120	9752.000	9648.000
2012	11	21	23	47	1	326	85.0	-88.0	-0.41	29.01	53.76	305.22	-54.78	-2.190	0.260	1.780	28.750	11604.000	11500.000
2012	11	21	23	47	1	326	85.0	-96.0	6.66	31.08	53.76	305.22	-54.78	-2.190	0.260	8.850	30.820	12432.000	12328.000
2012	11	21	23	47	1	326	85.0	-104.0	0.68	31.03	53.76	305.23	-54.77	-2.190	0.240	2.870	30.790	12412.000	12316.000
2012	11	21	23	47	1	326	85.0	-112.0	-2.78	32.67	53.76	305.23	-54.77	-2.190	0.240	-0.590	32.430	13068.000	12972.000
2012	11	21	23	47	1	326	85.0	-120.0	-0.18	33.24	53.76	305.23	-54.77	-2.190	0.240	2.010	33.000	13296.000	13200.000
2012	11	21	23	47	1	326	85.0	-128.0	-5.44	29.34	53.76	305.22	-54.78	-2.190	0.260	-3.250	29.080	11736.000	11632.000
2012	11	21	23	47	1	326	85.0	-136.0	-2.81	26.58	53.76	305.22	-54.78	-2.190	0.260	-0.620	26.320	10632.000	10528.000
2012	11	22	0	53	1	327	95.0	-56.0	10.98	35.32	53.82	305.32	-54.68	-3.850	2.340	14.830	32.980	14128.000	13192.000
2012	11	22	0	53	1	327	95.0	-64.0	4.12	27.46	53.83	305.33	-54.67	-3.860	2.290	7.980	25.170	10984.000	10068.000
2012	11	22	0	53	1	327	95.0	-72.0	3.15	31.16	53.83	305.33	-54.67	-3.860	2.290	7.010	28.870	12464.000	11548.000
2012	11	22	0	53	1	327	95.0	-80.0	1.50	34.52	53.82	305.33	-54.67	-3.850	2.320	5.350	32.200	13808.000	12880.000
2012	11	22	0	53	1	327	95.0	-88.0	-3.10	31.87	53.83	305.33	-54.67	-3.860	2.290	0.760	29.580	12748.000	11832.000
2012	11	22	0	53	1	327	95.0	-96.0	-5.07	34.25	53.83	305.33	-54.67	-3.860	2.290	-1.210	31.960	13700.000	12784.000
2012	11	22	0	53	1	327	95.0	-104.0	-1.82	34.05	53.83	305.33	-54.67	-3.860	2.290	2.040	31.760	13620.000	12704.000
2012	11	22	0	53	1	327	95.0	-112.0	-2.55	31.22	53.83	305.33	-54.67	-3.860	2.290	1.310	28.930	12488.000	11572.000
2012	11	22	0	53	1	327	95.0	-120.0	-6.80	27.27	53.83	305.33	-54.67	-3.860	2.290	-2.940	24.980	10908.000	9992.000
2012	11	22	0	53	1	327	95.0	-128.0	-4.65	35.34	53.84	305.35	-54.65	-3.880	2.230	-0.770	33.110	14136.000	13244.000
2012	11	22	0	53	1	327	95.0	-136.0	-7.11	37.70	53.83	305.33	-54.67	-3.860	2.290	-3.250	35.410	15080.000	14164.000
2012	11	22	1	10	1	327	100.0	-56.0	-7.40	40.97	53.86	305.39	-54.61	-4.130	2.700	-3.270	38.270	16388.000	15308.000
2012	11	22	1	10	1	327	100.0	-64.0	-3.12	34.85	53.86	305.39	-54.61	-4.130	2.700	1.010	32.150	13940.000	12860.000
2012	11	22	1	10	1	327	100.0	-72.0	-9.55	35.98	53.86	305.39	-54.61	-4.130	2.700	-5.420	33.280	14392.000	13312.000
2012	11	22	1	10	1	327	100.0	-80.0	-4.78	35.92	53.86	305.39	-54.61	-4.130	2.700	-0.650	33.220	14368.000	13288.000
2012	11	22	1	10	1	327	100.0	-88.0	-10.55	31.35	53.86	305.39	-54.61	-4.130	2.700	-6.420	28.650	12540.000	11460.000
2012	11	22	1	10	1	327	100.0	-96.0	-7.55	28.85	53.86	305.39	-54.61	-4.130	2.700	-3.420	26.150	11540.000	10460.000
2012	11	22	1	10	1	327	100.0	-104.0	-7.42	36.25	53.86	305.39	-54.61	-4.130	2.700	-3.290	33.550	14500.000	13420.000
2012	11	22	1	10	1	327	100.0	-112.0	-5.12	35.78	53.86	305.39	-54.61	-4.130	2.700	-0.990	33.080	14312.000	13232.000
2012	11	22	1	10	1	327	100.0	-120.0	-6.18	40.88	53.86	305.39	-54.61	-4.130	2.700	-2.050	38.180	16352.000	15272.000
2012	11	22	1	10	1	327	100.0	-128.0	-6.38	37.48	53.86	305.39	-54.61	-4.130	2.700	-2.250	34.780	14992.000	13912.000
2012	11	22	1	10	1	327	100.0	-136.0	-1.05	35.05	53.86	305.39	-54.61	-4.130	2.700	3.080	32.350	14020.000	12940.000
2012	11	22	1	23	1	327	105.0	-64.0	-1.60	42.91	53.88	305.43	-54.57	-4.210	3.030	2.610	39.880	17164.000	15952.000
2012	11	22	1	23	1	327	105.0	-72.0	6.00	39.21	53.88	305.43	-54.57	-4.210	3.030	10.210	36.180	15684.000	14472.000
2012	11	22	1	23	1	327	105.0	-80.0	-1.10	33.41	53.88	305.43	-54.57	-4.210	3.030	3.110	30.380	13364.000	12152.000
2012	11	22	1	23	1	327	105.0	-88.0	-1.39	35.17	53.89	305.45	-54.55	-4.190	3.000	2.800	32.170	14068.000	12868.000
2012	11	22	1	23	1	327	105.0	-96.0	-7.74	36.72	53.89	305.45	-54.55	-4.190	3.000	-3.550	33.720	14688.000	13488.000
2012	11	22	1	23	1	327	105.0	-104.0	-7.64	34.32	53.89	305.44	-54.56	-4.200	3.000	-3.440	31.320	13728.000	12528.000
2012	11	22	1	23	1	327	105.0	-112.0	-0.44	28.42	53.89	305.44	-54.56	-4.200	3.000	3.760	25.420	11368.000	10168.000
2012	11	22	1	23	1	327	105.0	-120.0	1.06	31.12	53.89	305.44	-54.56	-4.200	3.000	5.260	28.120	12448.000	11248.000
2012	11	22	1	23	1	327	105.0	-128.0	0.91	31.32	53.89	305.45	-54.55	-4.190	3.000	5.100	28.320	12528.000	11328.000
2012	11	22	1	23	1	327	105.0	-136.0	8.65	28.56	53.89	305.45	-54.55	-4.190	3.000	12.840	25.560	11424.000	10224.000
2012	11	22	1	45	1	327	110.0	-48.0	11.58	6.69	53.92	305.50	-54.50	-4.230	3.520	15.810	3.170	2676.000	1268.000
2012	11	22	1	45	1	327	110.0	-56.0	8.48	13.83	53.92	305.50	-54.50	-4.230	3.520	12.710	10.310	5532.000	4124.000
2012	11	22	1	45	1	327	110.0	-64.0	4.88	11.76	53.92	305.50	-54.50	-4.230	3.520	9.110	8.240	4704.000	3296.000
2012	11	22	1	45	1	327	110.0	-72.0	7.48	8.50	53.92	305.50	-54.50	-4.230	3.520	11.710	4.980	3400.000	1992.000
2012	11	22	1	45	1	327	110.0	-80.0	-1.73	18.52	53.92	305.50	-54.50	-4.230	3.520	2.500	15.000	7408.000	6000.000
2012	11	22	1	45	1	327	110.0	-88.0	1.89	20.22	53.91	305.50	-54.50	-4.230	3.540	6.120	16.680	8088.000	6672.000
2012	11	22	1	45	1	327	110.0	-96.0	0.06	21.65	53.91	305.50	-54.50	-4.230	3.540	4.290	18.110	8660.000	7244.000
2012	11	22	1	45	1	327	110.0	-104.0	-0.34	19.45	53.91	305.50	-54.50	-4.230	3.540	3.890	15.910	7780.000	6364.000
2012	11	22	1	45	1	327	110.0	-112.0	-0.18	16.22	53.91	305.50	-54.50	-4.230	3.540	4.050	12.680	6488.000	5072.000
2012	11	22	1	45	1	327	110.0	-120.0	4.62	16.55	53.91	305.50	-54.50	-4.230	3.540	8.850	13.010	6620.000	5204.000
2012	11	22	1	45	1	327	110.0	-128.0	-2.28	17.02	53.91	305.50	-54.50	-4.230	3.540	1.950	13.480	6808.000	5392.000
2012	11	22	1	45	1	327	110.0	-136.0	-1.54	17.05	53.91	305.50	-54.50	-4.230	3.540	2.690	13.510	6820.000	5404.000
2012	11	22	3	48	1	327	135.0	-40.0	4.52	-16.74	54.08	305.78	-54.22	-2.020	4.330	6.540	-21.070	-6696.000	-8428.000
2012	11	22	3	48	1	327	135.0	-48.0	3.92	-14.74	54.08	305.78	-54.22	-2.020	4.330	5.940	-19.070	-5896.000	-7628.000
2012	11	22	3	48	1	327	135.0	-56.0	-0.72	-22.43	54.08	305.79	-54.21	-2.020	4.330	1.300	-26.760	-8972.000	-10704.000
2012	11	22	3	48	1	327	135.0	-64.0	2.57	-24.13	54.08	305.79	-54.21	-2.020	4.330	4.590	-28.460	-9652.000	-11384.000
2012	11	22	3	48	1	327	135.0	-72.0	-1.23	-20.39	54.08	305.79	-54.21	-2.020	4.330	0.790	-24.720	-8156.000	-9888.000
2012	11	22	3	48	1	327	135.0	-80.0	4.30	-15.58	54.08	305.79	-54.21	-2.020	4.330	6.320	-19.910	-6232.000	-7964.000
2012	11	22	3	48	1	327	135.0	-88.0	0.09	-17.56	54.08	305.79	-54.21	-2.020	4.330	2.110	-21.890	-7024.000	-8756.000
2012	11	22	3	48	1	327	135.0	-96.0	-0.15	-17.61	54.08	305.79	-54.21	-2.020	4.330	1.870	-21.940	-7044.000	-8776.000
2012	11	22	3	48	1	327	135.0	-104.0	1.48	-14.91	54.08	305.79	-54.21	-2.020	4.330	3.500	-19.240	-5964.000	-7696.000
2012	11	22	3	48	1	327	135.0	-112.0	3.87	-11.75	54.08	305.79	-54.21	-2.020	4.330	5.890	-16.080	-4700.000	-6432.000
2012	11	22	3	48	1	327	135.0	-120.0	1.53	-12.98	54.08	305.79	-54.21	-2.020	4.330	3.550	-17.310	-5192.000	-6924.000
2012	11	22	3	48	1	327	135.0	-128.0	8.64	-8.78	54.08	305.79	-54.21	-2.020	4.330	10.660	-13.110	-3512.000	-5244.000
2012	11	22	3	48	1	327	135.0	-136.0	6.46	-5.79	54.08	305.79	-54.21	-2.020	4.330	8.480	-10.120	-2316.000	-4048.000
2012	11	22	3	48	1	327	135.0	-144.0	10.91	-8.54	54.08	305.79	-54.21	-2.020	4.330	12.930	-12.870	-3416.000	-5148.000
2012	11	22	3	48	1	327	135.0	-152.0	8.06	-4.63	54.08	305.79	-54.21	-2.020	4.330	10.080	-8.960	-1852.000	-3584.000
2012	11	22	5	51	1	327	155.0	-32.0	-10.91	-19.20	54.20	306.00	-54.00	2.920	1.570	-13.830	-20.770	-7680.000	-8308.000
2012	11	22	5	51	1	327	155.0	-48.0	8.43	-9.68	54.20	306.00	-54.00	2.920	1.570	5.510	-11.250	-3872.000	-4500.000
2012	11	22	5	51	1	327	155.0	-56.0	-1.51	-3.57	54.20	306.00	-54.00	2.920	1.570	-4.430	-5.140	-1428.000	-2056.000
2012	11	22	5	51	1	327	155.0	-64.0	-1.77	5.08	54.20	306.00	-54.00	2.920	1.570	-4.690	3.510	2032.000	1404.000
2012	11	22	5	51	1	327	155.0	-72.0	-7.13	4.31	54.20	306.00	-54.00	2.920	1.570	-10.050	2.740	1724.000	1096.000
2012	11	22	5	51	1	327	155.0	-80.0	-4.04	5.28	54.20	306.00	-54.00	2.920	1.570	-6.960	3.710	2112.000	1484.000
2012	11	22	5	51	1	327	155.0	-88.0	-4.44	5.95	54.20	306.00	-54.00	2.920	1.570	-7.360	4.380	2380.000	1752.000
2012	11	22	5	51	1	327	155.0	-96.0	-0.15	4.60	54.20	306.00	-54.00	2.920	1.570	-3.070	3.030	1840.000	1212.000
2012	11	22	5	51	1	327	155.0	-104.0	3.60	1.43	54.20	306.00	-54.00	2.920	1.570	0.680	-0.140	572.000	-56.000
2012	11	22	5	51	1	327	155.0	-112.0	7.20	-3.53	54.20	306.00	-54.00	2.920	1.570	4.280	-5.100	-1412.000	-2040.000
2012	11	22	5	51	1	327	155.0	-120.0	9.03	3.38	54.20	306.00	-54.00	2.920	1.570	6.110	1.810	1352.000	724.000
2012	11	22	5	51	1	327	155.0	-128.0	8.63	-1.98	54.20	306.00	-54.00	2.920	1.570	5.710	-3.550	-792.000	-1420.000
2012	11	22	5	51	1	327	155.0	-136.0	6.55	0.41	54.20	306.00	-54.00	2.920	1.570	3.630	-1.160	164.000	-464.000
2012	11	22	5	51	1	327	155.0	-144.0	6.16	-0.25	54.20	306.00	-54.00	2.920	1.570	3.240	-1.820	-100.000	-728.000
2012	11	22	5	51	1	327	155.0	-152.0	11.16	-3.22	54.20	306.00	-54.00	2.920	1.570	8.240	-4.790	-1288.000	-1916.000
2012	11	22	5	51	1	327	155.0	-160.0	11.66	-0.05	54.20	306.00	-54.00	2.920	1.570	8.740	-1.620	-20.000	-648.000
2012	11	22	5	51	1	327	155.0	-168.0	15.02	-0.79	54.20	306.00	-54.00	2.920	1.570	12.100	-2.360	-316.000	-944.000
2012	11	22	5	51	1	327	155.0	-176.0	16.49	-1.95	54.20	306.00	-54.00	2.920	1.570	13.570	-3.520	-780.000	-1408.000
2012	11	22	8	2	1	327	180.0	-56.0	53.38	-32.84	54.35	306.27	-53.73	5.770	-3.250	47.610	-29.590	-13136.000	-11836.000
2012	11	22	8	2	1	327	180.0	-64.0	55.78	-27.74	54.35	306.27	-53.73	5.770	-3.250	50.010	-24.490	-11096.000	-9796.000
2012	11	22	8	2	1	327	180.0	-72.0	53.48	-31.04	54.35	306.27	-53.73	5.770	-3.250	47.710	-27.790	-12416.000	-11116.000
2012	11	22	8	2	1	327	180.0	-80.0	47.02	-40.38	54.35	306.31	-53.69	5.710	-3.250	41.310	-37.130	-16152.000	-14852.000
2012	11	22	8	2	1	327	180.0	-88.0	51.64	-41.41	54.35	306.29	-53.71	5.760	-3.260	45.880	-38.150	-16564.000	-15260.000
2012	11	22	8	2	1	327	180.0	-96.0	52.36	-33.86	54.35	306.28	-53.72	5.760	-3.260	46.600	-30.600	-13544.000	-12240.000
2012	11	22	8	2	1	327	180.0	-104.0	50.77	-37.12	54.35	306.29	-53.71	5.760	-3.260	45.010	-33.860	-14848.000	-13544.000
2012	11	22	8	2	1	327	180.0	-112.0	48.10	-34.33	54.35	306.29	-53.71	5.760	-3.260	42.340	-31.070	-13732.000	-12428.000
2012	11	22	8	2	1	327	180.0	-120.0	44.13	-30.54	54.35	306.29	-53.71	5.760	-3.260	38.370	-27.280	-12216.000	-10912.000
2012	11	22	8	2	1	327	180.0	-128.0	39.20	-30.59	54.35	306.28	-53.72	5.760	-3.260	33.440	-27.330	-12236.000	-10932.000
2012	11	22	8	2	1	327	180.0	-136.0	35.95	-24.44	54.35	306.28	-53.72	5.760	-3.260	30.190	-21.180	-9776.000	-8472.000
2012	11	22	8	2	1	327	180.0	-144.0	29.89	-20.53	54.35	306.28	-53.72	5.760	-3.260	24.130	-17.270	-8212.000	-6908.000
2012	11	22	8	2	1	327	180.0	-152.0	25.41	-16.81	54.35	306.28	-53.72	5.760	-3.260	19.650	-13.550	-6724.000	-5420.000
2012	11	22	8	2	1	327	180.0	-160.0	24.63	-14.03	54.35	306.28	-53.72	5.760	-3.260	18.870	-10.770	-5612.000	-4308.000
2012	11	22	8	2	1	327	180.0	-168.0	23.31	-12.28	54.35	306.28	-53.72	5.760	-3.260	17.550	-9.020	-4912.000	-3608.000
2012	11	22	8	2	1	327	180.0	-176.0	22.18	-10.51	54.35	306.28	-53.72	5.760	-3.260	16.420	-7.250	-4204.000	-2900.000
2012	11	22	8	2	1	327	180.0	-184.0	17.55	-10.02	54.35	306.28	-53.72	5.760	-3.260	11.790	-6.760	-4008.000	-2704.000
2012	11	22	8	2	1	327	180.0	-192.0	14.21	-13.86	54.35	306.28	-53.72	5.760	-3.260	8.450	-10.600	-5544.000	-4240.000
2012	11	22	8	55	1	327	185.0	-72.0	50.17	-30.84	54.39	306.37	-53.63	4.960	-4.660	45.210	-26.180	-12336.000	-10472.000
2012	11	22	8	55	1	327	185.0	-80.0	32.97	-29.64	54.39	306.37	-53.63	4.960	-4.660	28.010	-24.980	-11856.000	-9992.000
2012	11	22	8	55	1	327	185.0	-88.0	20.76	-31.64	54.39	306.37	-53.63	4.960	-4.660	15.800	-26.980	-12656.000	-10792.000
2012	11	22	8	55	1	327	185.0	-96.0	20.97	-34.44	54.39	306.37	-53.63	4.960	-4.660	16.010	-29.780	-13776.000	-11912.000
2012	11	22	8	55	1	327	185.0	-104.0	23.57	-30.04	54.39	306.37	-53.63	4.960	-4.660	18.610	-25.380	-12016.000	-10152.000
2012	11	22	8	55	1	327	185.0	-112.0	30.17	-20.64	54.39	306.37	-53.63	4.960	-4.660	25.210	-15.980	-8256.000	-6392.000
2012	11	22	8	55	1	327	185.0	-120.0	25.26	-18.64	54.39	306.37	-53.63	4.960	-4.660	20.300	-13.980	-7456.000	-5592.000
2012	11	22	8	55	1	327	185.0	-184.0	17.07	-19.04	54.39	306.37	-53.63	4.960	-4.660	12.110	-14.380	-7616.000	-5752.000
2012	11	22	8	55	1	327	185.0	-192.0	11.77	-5.84	54.39	306.37	-53.63	4.960	-4.660	6.810	-1.180	-2336.000	-472.000
2012	11	22	9	19	1	327	195.0	-112.0	-0.07	-22.27	54.47	306.45	-53.55	3.530	-4.660	-3.600	-17.610	-8908.000	-7044.000
2012	11	22	9	19	1	327	195.0	-120.0	1.83	-24.48	54.47	306.45	-53.55	3.530	-4.660	-1.700	-19.820	-9792.000	-7928.000
2012	11	22	9	19	1	327	195.0	-128.0	7.43	-21.88	54.47	306.45	-53.55	3.530	-4.660	3.900	-17.220	-8752.000	-6888.000
2012	11	22	9	19	1	327	195.0	-136.0	1.53	-12.27	54.47	306.45	-53.55	3.530	-4.660	-2.000	-7.610	-4908.000	-3044.000
2012	11	22	9	19	1	327	195.0	-144.0	0.33	-22.11	54.46	306.44	-53.56	3.630	-4.720	-3.300	-17.390	-8844.000	-6956.000
2012	11	22	9	19	1	327	195.0	-152.0	10.83	-17.38	54.47	306.45	-53.55	3.530	-4.660	7.300	-12.720	-6952.000	-5088.000
2012	11	22	9	19	1	327	195.0	-160.0	6.83	-22.17	54.47	306.45	-53.55	3.530	-4.660	3.300	-17.510	-8868.000	-7004.000
2012	11	22	9	19	1	327	195.0	-168.0	14.73	-30.77	54.47	306.45	-53.55	3.530	-4.660	11.200	-26.110	-12308.000	-10444.000
2012	11	22	9	19	1	327	195.0	-176.0	13.78	-27.56	54.46	306.44	-53.56	3.630	-4.720	10.150	-22.840	-11024.000	-9136.000
2012	11	22	9	19	1	327	195.0	-192.0	31.53	-30.35	54.45	306.43	-53.57	3.740	-4.770	27.790	-25.580	-12140.000	-10232.000
2012	11	22	9	48	1	327	200.0	-32.0	-13.65	-44.04	54.50	306.50	-53.50	2.520	-4.930	-16.170	-39.110	-17616.000	-15644.000
2012	11	22	9	48	1	327	200.0	-40.0	-19.79	-19.05	54.49	306.48	-53.52	2.550	-4.910	-22.340	-14.140	-7620.000	-5656.000
2012	11	22	9	48	1	327	200.0	-48.0	-21.17	-27.53	54.50	306.49	-53.51	2.530	-4.960	-23.700	-22.570	-11012.000	-9028.000
2012	11	22	9	48	1	327	200.0	-56.0	-18.83	-33.62	54.50	306.49	-53.51	2.530	-4.960	-21.360	-28.660	-13448.000	-11464.000
2012	11	22	9	48	1	327	200.0	-64.0	-11.61	-34.51	54.49	306.48	-53.52	2.550	-4.910	-14.160	-29.600	-13804.000	-11840.000
2012	11	22	9	48	1	327	200.0	-72.0	-10.67	-32.18	54.49	306.49	-53.51	2.540	-4.870	-13.210	-27.310	-12872.000	-10924.000
2012	11	22	9	48	1	327	200.0	-80.0	-8.93	-33.38	54.49	306.49	-53.51	2.540	-4.870	-11.470	-28.510	-13352.000	-11404.000
2012	11	22	9	48	1	327	200.0	-88.0	-8.71	-35.60	54.49	306.49	-53.51	2.540	-4.870	-11.250	-30.730	-14240.000	-12292.000
2012	11	22	9	48	1	327	200.0	-96.0	-6.81	-41.78	54.50	306.49	-53.51	2.530	-4.960	-9.340	-36.820	-16712.000	-14728.000
2012	11	22	9	48	1	327	200.0	-104.0	-3.57	-41.54	54.49	306.49	-53.51	2.540	-4.870	-6.110	-36.670	-16616.000	-14668.000
2012	11	22	9	48	1	327	200.0	-112.0	7.12	-39.51	54.49	306.48	-53.52	2.550	-4.910	4.570	-34.600	-15804.000	-13840.000
2012	11	22	9	48	1	327	200.0	-120.0	2.78	-33.49	54.49	306.48	-53.52	2.550	-4.910	0.230	-28.580	-13396.000	-11432.000
2012	11	22	9	48	1	327	200.0	-128.0	7.40	-39.20	54.49	306.49	-53.51	2.540	-4.870	4.860	-34.330	-15680.000	-13732.000
2012	11	22	9	48	1	327	200.0	-136.0	1.63	-37.60	54.49	306.49	-53.51	2.540	-4.870	-0.910	-32.730	-15040.000	-13092.000
2012	11	22	9	48	1	327	200.0	-144.0	0.25	-39.46	54.49	306.49	-53.51	2.540	-4.870	-2.290	-34.590	-15784.000	-13836.000
2012	11	22	9	48	1	327	200.0	-152.0	4.38	-37.71	54.50	306.49	-53.51	2.530	-4.960	1.850	-32.750	-15084.000	-13100.000
2012	11	22	9	48	1	327	200.0	-160.0	1.93	-32.77	54.49	306.49	-53.51	2.540	-4.870	-0.610	-27.900	-13108.000	-11160.000
2012	11	22	9	48	1	327	200.0	-168.0	0.21	-34.91	54.50	306.49	-53.51	2.530	-4.960	-2.320	-29.950	-13964.000	-11980.000
2012	11	22	9	48	1	327	200.0	-176.0	0.80	-32.50	54.49	306.49	-53.51	2.540	-4.870	-1.740	-27.630	-13000.000	-11052.000
2012	11	22	9	48	1	327	200.0	-184.0	3.88	-33.70	54.49	306.49	-53.51	2.540	-4.870	1.340	-28.830	-13480.000	-11532.000
2012	11	22	9	48	1	327	200.0	-192.0	6.50	-32.98	54.50	306.50	-53.50	2.520	-4.930	3.980	-28.050	-13192.000	-11220.000
2012	11	22	9	48	1	327	200.0	-200.0	11.50	-37.03	54.50	306.50	-53.50	2.520	-4.930	8.980	-32.100	-14812.000	-12840.000
2012	11	22	9	48	1	327	200.0	-208.0	13.75	-44.94	54.50	306.50	-53.50	2.520	-4.930	11.230	-40.010	-17976.000	-16004.000
2012	11	22	9	48	1	327	200.0	-216.0	20.65	-37.23	54.50	306.50	-53.50	2.520	-4.930	18.130	-32.300	-14892.000	-12920.000
2012	11	22	9	48	1	327	200.0	-224.0	30.85	-36.28	54.50	306.50	-53.50	2.520	-4.930	28.330	-31.350	-14512.000	-12540.000
2012	11	22	9	48	1	327	200.0	-232.0	37.40	-40.38	54.50	306.50	-53.50	2.520	-4.930	34.880	-35.450	-16152.000	-14180.000
2012	11	22	10	36	1	327	215.0	-56.0	30.26	-36.44	54.57	306.64	-53.36	0.360	-3.590	29.900	-32.850	-14576.000	-13140.000
2012	11	22	10	36	1	327	215.0	-64.0	33.33	-27.25	54.57	306.65	-53.35	0.360	-3.480	32.970	-23.770	-10900.000	-9508.000
2012	11	22	10	36	1	327	215.0	-72.0	37.26	-31.04	54.57	306.64	-53.36	0.360	-3.590	36.900	-27.450	-12416.000	-10980.000
2012	11	22	10	36	1	327	215.0	-80.0	28.76	-30.64	54.57	306.64	-53.36	0.360	-3.590	28.400	-27.050	-12256.000	-10820.000
2012	11	22	10	36	1	327	215.0	-88.0	31.56	-30.94	54.57	306.64	-53.36	0.360	-3.590	31.200	-27.350	-12376.000	-10940.000
2012	11	22	10	36	1	327	215.0	-96.0	26.86	-40.24	54.57	306.64	-53.36	0.360	-3.590	26.500	-36.650	-16096.000	-14660.000
2012	11	22	10	36	1	327	215.0	-104.0	27.36	-42.74	54.57	306.64	-53.36	0.360	-3.590	27.000	-39.150	-17096.000	-15660.000
2012	11	22	10	36	1	327	215.0	-112.0	27.26	-36.14	54.57	306.64	-53.36	0.360	-3.590	26.900	-32.550	-14456.000	-13020.000
2012	11	22	10	36	1	327	215.0	-120.0	22.08	-30.20	54.57	306.65	-53.35	0.360	-3.480	21.720	-26.720	-12080.000	-10688.000
2012	11	22	10	36	1	327	215.0	-128.0	21.96	-35.74	54.57	306.64	-53.36	0.360	-3.590	21.600	-32.150	-14296.000	-12860.000
2012	11	22	10	36	1	327	215.0	-136.0	27.56	-35.34	54.57	306.64	-53.36	0.360	-3.590	27.200	-31.750	-14136.000	-12700.000
2012	11	22	10	36	1	327	215.0	-144.0	1.86	-31.14	54.57	306.64	-53.36	0.360	-3.590	1.500	-27.550	-12456.000	-11020.000
2012	11	22	10	36	1	327	215.0	-152.0	1.86	-34.74	54.57	306.64	-53.36	0.360	-3.590	1.500	-31.150	-13896.000	-12460.000
2012	11	22	10	36	1	327	215.0	-160.0	12.58	-25.80	54.57	306.65	-53.35	0.360	-3.480	12.220	-22.320	-10320.000	-8928.000
2012	11	22	10	36	1	327	215.0	-168.0	11.86	-26.74	54.57	306.64	-53.36	0.360	-3.590	11.500	-23.150	-10696.000	-9260.000
2012	11	22	10	36	1	327	215.0	-176.0	9.10	-22.45	54.58	306.66	-53.34	0.340	-3.370	8.760	-19.080	-8980.000	-7632.000
2012	11	22	10	36	1	327	215.0	-184.0	7.38	-15.75	54.57	306.65	-53.35	0.360	-3.480	7.020	-12.270	-6300.000	-4908.000
2012	11	22	10	36	1	327	215.0	-192.0	6.26	-11.14	54.57	306.64	-53.36	0.360	-3.590	5.900	-7.550	-4456.000	-3020.000
2012	11	22	10	36	1	327	215.0	-200.0	13.26	1.26	54.57	306.64	-53.36	0.360	-3.590	12.900	4.850	504.000	1940.000
2012	11	22	10	36	1	327	215.0	-216.0	-3.04	-1.94	54.57	306.64	-53.36	0.360	-3.590	-3.400	1.650	-776.000	660.000
2012	11	22	10	36	1	327	215.0	-224.0	-1.04	-5.24	54.57	306.64	-53.36	0.360	-3.590	-1.400	-1.650	-2096.000	-660.000
2012	11	22	10	36	1	327	215.0	-232.0	3.36	-12.84	54.57	306.64	-53.36	0.360	-3.590	3.000	-9.250	-5136.000	-3700.000
2012	11	22	10	36	1	327	215.0	-248.0	13.36	-16.54	54.57	306.64	-53.36	0.360	-3.590	13.000	-12.950	-6616.000	-5180.000
2012	11	22	10	36	1	327	215.0	-256.0	18.96	-7.44	54.57	306.64	-53.36	0.360	-3.590	18.600	-3.850	-2976.000	-1540.000
2012	11	22	10	36	1	327	215.0	-264.0	16.96	-14.84	54.57	306.64	-53.36	0.360	-3.590	16.600	-11.250	-5936.000	-4500.000
2012	11	22	10	36	1	327	215.0	-272.0	19.56	-17.44	54.57	306.64	-53.36	0.360	-3.590	19.200	-13.850	-6976.000	-5540.000
2012	11	22	10	36	1	327	215.0	-280.0	12.56	-12.64	54.57	306.64	-53.36	0.360	-3.590	12.200	-9.050	-5056.000	-3620.000
2012	11	22	10	36	1	327	215.0	-312.0	5.16	-21.84	54.57	306.64	-53.36	0.360	-3.590	4.800	-18.250	-8736.000	-7300.000
2012	11	22	10	36	1	327	215.0	-320.0	12.26	-19.34	54.57	306.64	-53.36	0.360	-3.590	11.900	-15.750	-7736.000	-6300.000
2012	11	22	10	36	1	327	215.0	-328.0	8.36	-12.24	54.57	306.64	-53.36	0.360	-3.590	8.000	-8.650	-4896.000	-3460.000
2012	11	22	10	36	1	327	215.0	-336.0	21.76	-21.64	54.57	306.64	-53.36	0.360	-3.590	21.400	-18.050	-8656.000	-7220.000
2012	11	22	10	36	1	327	215.0	-360.0	0.66	-14.74	54.57	306.64	-53.36	0.360	-3.590	0.300	-11.150	-5896.000	-4460.000
2012	11	22	10	36	1	327	215.0	-368.0	3.46	-16.74	54.57	306.64	-53.36	0.360	-3.590	3.100	-13.150	-6696.000	-5260.000
2012	11	22	12	11	1	327	225.0	-40.0	3.83	-13.80	54.63	306.75	-53.25	-2.620	-0.160	6.450	-13.640	-5520.000	-5456.000
2012	11	22	12	11	1	327	225.0	-48.0	2.04	-29.75	54.64	306.75	-53.25	-2.660	-0.130	4.700	-29.620	-11900.000	-11848.000
2012	11	22	12	11	1	327	225.0	-56.0	5.10	-23.61	54.63	306.75	-53.25	-2.620	-0.160	7.720	-23.450	-9444.000	-9380.000
2012	11	22	12	11	1	327	225.0	-64.0	3.29	-32.67	54.64	306.76	-53.24	-2.630	-0.110	5.920	-32.560	-13068.000	-13024.000
2012	11	22	12	11	1	327	225.0	-72.0	-1.06	-30.45	54.64	306.75	-53.25	-2.660	-0.130	1.600	-30.320	-12180.000	-12128.000
2012	11	22	12	11	1	327	225.0	-80.0	-2.33	-32.41	54.64	306.75	-53.25	-2.660	-0.130	0.330	-32.280	-12964.000	-12912.000
2012	11	22	12	11	1	327	225.0	-88.0	-1.26	-32.71	54.64	306.75	-53.25	-2.660	-0.130	1.400	-32.580	-13084.000	-13032.000
2012	11	22	12	11	1	327	225.0	-96.0	-7.46	-29.21	54.64	306.75	-53.25	-2.660	-0.130	-4.800	-29.080	-11684.000	-11632.000
2012	11	22	12	11	1	327	225.0	-104.0	2.27	-31.18	54.64	306.75	-53.25	-2.660	-0.130	4.930	-31.050	-12472.000	-12420.000
2012	11	22	12	11	1	327	225.0	-112.0	-2.38	-33.06	54.64	306.76	-53.24	-2.630	-0.110	0.250	-32.950	-13224.000	-13180.000
2012	11	22	12	11	1	327	225.0	-120.0	-3.16	-22.75	54.64	306.75	-53.25	-2.660	-0.130	-0.500	-22.620	-9100.000	-9048.000
2012	11	22	12	11	1	327	225.0	-128.0	-1.46	-17.75	54.64	306.75	-53.25	-2.660	-0.130	1.200	-17.620	-7100.000	-7048.000
2012	11	22	12	11	1	327	225.0	-136.0	-3.59	-21.58	54.64	306.75	-53.25	-2.660	-0.130	-0.930	-21.450	-8632.000	-8580.000
2012	11	22	12	11	1	327	225.0	-144.0	2.82	-16.65	54.64	306.76	-53.24	-2.630	-0.110	5.450	-16.540	-6660.000	-6616.000
2012	11	22	12	11	1	327	225.0	-152.0	-2.59	-22.45	54.64	306.75	-53.25	-2.660	-0.130	0.070	-22.320	-8980.000	-8928.000
2012	11	22	12	11	1	327	225.0	-160.0	0.11	-20.75	54.64	306.75	-53.25	-2.660	-0.130	2.770	-20.620	-8300.000	-8248.000
2012	11	22	12	11	1	327	225.0	-168.0	-0.89	-18.41	54.64	306.75	-53.25	-2.660	-0.130	1.770	-18.280	-7364.000	-7312.000
2012	11	22	12	11	1	327	225.0	-176.0	-0.35	-22.06	54.63	306.75	-53.25	-2.620	-0.160	2.270	-21.900	-8824.000	-8760.000
2012	11	22	12	11	1	327	225.0	-184.0	-0.11	-20.12	54.64	306.76	-53.24	-2.630	-0.110	2.520	-20.010	-8048.000	-8004.000
2012	11	22	12	11	1	327	225.0	-192.0	-6.76	-24.57	54.64	306.76	-53.24	-2.630	-0.110	-4.130	-24.460	-9828.000	-9784.000
2012	11	22	12	11	1	327	225.0	-200.0	-3.36	-18.38	54.64	306.75	-53.25	-2.660	-0.130	-0.700	-18.250	-7352.000	-7300.000
2012	11	22	12	11	1	327	225.0	-208.0	-4.87	-7.10	54.63	306.75	-53.25	-2.620	-0.160	-2.250	-6.940	-2840.000	-2776.000
2012	11	22	12	11	1	327	225.0	-216.0	-6.96	-13.55	54.64	306.75	-53.25	-2.660	-0.130	-4.300	-13.420	-5420.000	-5368.000
2012	11	22	12	11	1	327	225.0	-224.0	-9.33	-18.48	54.64	306.75	-53.25	-2.660	-0.130	-6.670	-18.350	-7392.000	-7340.000
2012	11	22	12	11	1	327	225.0	-232.0	-11.65	-20.86	54.63	306.75	-53.25	-2.620	-0.160	-9.030	-20.700	-8344.000	-8280.000
2012	11	22	12	11	1	327	225.0	-240.0	-10.75	-14.21	54.63	306.75	-53.25	-2.620	-0.160	-8.130	-14.050	-5684.000	-5620.000
2012	11	22	12	11	1	327	225.0	-248.0	-11.53	-14.61	54.64	306.75	-53.25	-2.660	-0.130	-8.870	-14.480	-5844.000	-5792.000
2012	11	22	12	11	1	327	225.0	-256.0	-12.46	-13.48	54.64	306.75	-53.25	-2.660	-0.130	-9.800	-13.350	-5392.000	-5340.000
2012	11	22	12	11	1	327	225.0	-264.0	-6.96	-9.11	54.64	306.75	-53.25	-2.660	-0.130	-4.300	-8.980	-3644.000	-3592.000
2012	11	22	12	11	1	327	225.0	-272.0	-10.79	-13.11	54.64	306.75	-53.25	-2.660	-0.130	-8.130	-12.980	-5244.000	-5192.000
2012	11	22	12	11	1	327	225.0	-280.0	-8.86	-7.35	54.64	306.75	-53.25	-2.660	-0.130	-6.200	-7.220	-2940.000	-2888.000
2012	11	22	12	11	1	327	225.0	-288.0	-2.97	-12.02	54.64	306.75	-53.25	-2.660	-0.130	-0.310	-11.890	-4808.000	-4756.000
2012	11	22	12	11	1	327	225.0	-296.0	-7.16	-12.31	54.64	306.75	-53.25	-2.660	-0.130	-4.500	-12.180	-4924.000	-4872.000
2012	11	22	12	11	1	327	225.0	-304.0	-1.03	-12.15	54.64	306.76	-53.24	-2.630	-0.110	1.600	-12.040	-4860.000	-4816.000
2012	11	22	12	11	1	327	225.0	-312.0	-2.29	-10.05	54.64	306.75	-53.25	-2.660	-0.130	0.370	-9.920	-4020.000	-3968.000
2012	11	22	12	11	1	327	225.0	-320.0	-7.39	-9.98	54.64	306.75	-53.25	-2.660	-0.130	-4.730	-9.850	-3992.000	-3940.000
2012	11	22	12	11	1	327	225.0	-328.0	-3.36	-13.65	54.64	306.75	-53.25	-2.660	-0.130	-0.700	-13.520	-5460.000	-5408.000
2012	11	22	12	11	1	327	225.0	-336.0	-3.86	-18.35	54.64	306.75	-53.25	-2.660	-0.130	-1.200	-18.220	-7340.000	-7288.000
2012	11	22	12	11	1	327	225.0	-344.0	-0.73	-13.78	54.64	306.75	-53.25	-2.660	-0.130	1.930	-13.650	-5512.000	-5460.000
2012	11	22	12	11	1	327	225.0	-352.0	-4.20	-16.61	54.63	306.75	-53.25	-2.620	-0.160	-1.580	-16.450	-6644.000	-6580.000
2012	11	22	12	11	1	327	225.0	-360.0	-1.96	-8.81	54.64	306.75	-53.25	-2.660	-0.130	0.700	-8.680	-3524.000	-3472.000
2012	11	22	12	11	1	327	225.0	-368.0	-5.03	-3.41	54.64	306.75	-53.25	-2.660	-0.130	-2.370	-3.280	-1364.000	-1312.000
2012	11	22	12	11	1	327	225.0	-376.0	-5.93	-15.05	54.64	306.75	-53.25	-2.660	-0.130	-3.270	-14.920	-6020.000	-5968.000
2012	11	22	12	11	1	327	225.0	-384.0	-10.61	-13.32	54.64	306.76	-53.24	-2.630	-0.110	-7.980	-13.210	-5328.000	-5284.000
2012	11	22	12	11	1	327	225.0	-392.0	-5.36	-8.21	54.64	306.75	-53.25	-2.660	-0.130	-2.700	-8.080	-3284.000	-3232.000
2012	11	22	12	11	1	327	225.0	-400.0	1.14	-13.38	54.64	306.75	-53.25	-2.660	-0.130	3.800	-13.250	-5352.000	-5300.000
2012	11	22	12	11	1	327	225.0	-408.0	-4.46	-4.85	54.64	306.75	-53.25	-2.660	-0.130	-1.800	-4.720	-1940.000	-1888.000
2012	11	22	12	11	1	327	225.0	-416.0	-5.33	-11.58	54.64	306.75	-53.25	-2.660	-0.130	-2.670	-11.450	-4632.000	-4580.000
2012	11	22	12	11	1	327	225.0	-424.0	-11.32	-8.03	54.63	306.75	-53.25	-2.620	-0.160	-8.700	-7.870	-3212.000	-3148.000
2012	11	22	12	11	1	327	225.0	-432.0	0.31	-6.55	54.64	306.75	-53.25	-2.660	-0.130	2.970	-6.420	-2620.000	-2568.000
2012	11	22	12	11	1	327	225.0	-440.0	-1.59	-13.18	54.64	306.75	-53.25	-2.660	-0.130	1.070	-13.050	-5272.000	-5220.000
2012	11	22	12	11	1	327	225.0	-448.0	-10.61	-5.52	54.64	306.76	-53.24	-2.630	-0.110	-7.980	-5.410	-2208.000	-2164.000
2012	11	22	12	11	1	327	225.0	-456.0	-6.06	-10.87	54.64	306.76	-53.24	-2.630	-0.110	-3.430	-10.760	-4348.000	-4304.000
2012	11	22	12	11	1	327	225.0	-464.0	-1.16	-15.71	54.64	306.75	-53.25	-2.660	-0.130	1.500	-15.580	-6284.000	-6232.000
2012	11	22	12	11	1	327	225.0	-472.0	-6.43	-11.71	54.64	306.75	-53.25	-2.660	-0.130	-3.770	-11.580	-4684.000	-4632.000
2012	11	22	12	11	1	327	225.0	-480.0	-6.86	-11.77	54.64	306.76	-53.24	-2.630	-0.110	-4.230	-11.660	-4708.000	-4664.000
2012	11	22	12	11	1	327	225.0	-488.0	-0.99	-8.21	54.64	306.75	-53.25	-2.660	-0.130	1.670	-8.080	-3284.000	-3232.000
2012	11	22	12	11	1	327	225.0	-496.0	4.84	-10.25	54.64	306.75	-53.25	-2.660	-0.130	7.500	-10.120	-4100.000	-4048.000
2012	11	22	12	11	1	327	225.0	-504.0	-3.71	-7.37	54.64	306.76	-53.24	-2.630	-0.110	-1.080	-7.260	-2948.000	-2904.000
2012	11	22	12	11	1	327	225.0	-512.0	4.14	-9.01	54.64	306.75	-53.25	-2.660	-0.130	6.800	-8.880	-3604.000	-3552.000
2012	11	22	12	11	1	327	225.0	-520.0	-8.96	-9.32	54.64	306.76	-53.24	-2.630	-0.110	-6.330	-9.210	-3728.000	-3684.000
2012	11	22	12	11	1	327	225.0	-528.0	-6.41	-8.97	54.64	306.76	-53.24	-2.630	-0.110	-3.780	-8.860	-3588.000	-3544.000
2012	11	22	12	11	1	327	225.0	-536.0	-6.71	-9.42	54.64	306.76	-53.24	-2.630	-0.110	-4.080	-9.310	-3768.000	-3724.000
2012	11	22	12	11	1	327	225.0	-544.0	-9.96	-7.32	54.64	306.76	-53.24	-2.630	-0.110	-7.330	-7.210	-2928.000	-2884.000
2012	11	22	12	11	1	327	225.0	-552.0	-7.71	-7.77	54.64	306.76	-53.24	-2.630	-0.110	-5.080	-7.660	-3108.000	-3064.000
2012	11	22	12	11	1	327	225.0	-560.0	-2.96	-7.57	54.64	306.76	-53.24	-2.630	-0.110	-0.330	-7.460	-3028.000	-2984.000
2012	11	22	16	6	1	327	245.0	-32.0	15.00	-25.93	54.78	307.01	-52.99	-1.520	3.470	16.520	-29.400	-10372.000	-11760.000
2012	11	22	16	6	1	327	245.0	-40.0	17.48	-20.70	54.78	307.01	-52.99	-1.520	3.470	19.000	-24.170	-8280.000	-9668.000
2012	11	22	16	6	1	327	245.0	-48.0	15.79	-29.17	54.78	307.01	-52.99	-1.520	3.470	17.310	-32.640	-11668.000	-13056.000
2012	11	22	16	6	1	327	245.0	-56.0	17.90	-21.95	54.78	307.01	-52.99	-1.520	3.470	19.420	-25.420	-8780.000	-10168.000
2012	11	22	16	6	1	327	245.0	-64.0	13.41	-22.41	54.78	307.01	-52.99	-1.520	3.470	14.930	-25.880	-8964.000	-10352.000
2012	11	22	16	6	1	327	245.0	-72.0	12.22	-24.20	54.78	307.01	-52.99	-1.520	3.470	13.740	-27.670	-9680.000	-11068.000
2012	11	22	16	6	1	327	245.0	-80.0	9.02	-22.89	54.78	307.01	-52.99	-1.520	3.470	10.540	-26.360	-9156.000	-10544.000
2012	11	22	16	6	1	327	245.0	-88.0	6.49	-21.13	54.78	307.01	-52.99	-1.520	3.470	8.010	-24.600	-8452.000	-9840.000
2012	11	22	16	6	1	327	245.0	-96.0	5.95	-12.83	54.78	307.01	-52.99	-1.520	3.470	7.470	-16.300	-5132.000	-6520.000
2012	11	22	16	6	1	327	245.0	-104.0	6.28	-10.49	54.78	307.01	-52.99	-1.520	3.470	7.800	-13.960	-4196.000	-5584.000
2012	11	22	16	6	1	327	245.0	-112.0	5.13	-8.81	54.78	307.01	-52.99	-1.520	3.470	6.650	-12.280	-3524.000	-4912.000
2012	11	22	16	6	1	327	245.0	-120.0	8.59	-11.49	54.78	307.01	-52.99	-1.520	3.470	10.110	-14.960	-4596.000	-5984.000
2012	11	22	16	6	1	327	245.0	-128.0	7.79	-12.35	54.78	307.01	-52.99	-1.520	3.470	9.310	-15.820	-4940.000	-6328.000
2012	11	22	16	6	1	327	245.0	-136.0	15.53	-16.34	54.78	307.01	-52.99	-1.520	3.470	17.050	-19.810	-6536.000	-7924.000
2012	11	22	16	6	1	327	245.0	-144.0	17.14	-16.39	54.78	307.01	-52.99	-1.520	3.470	18.660	-19.860	-6556.000	-7944.000
2012	11	22	16	6	1	327	245.0	-152.0	19.29	-17.07	54.78	307.01	-52.99	-1.520	3.470	20.810	-20.540	-6828.000	-8216.000
2012	11	22	16	6	1	327	245.0	-160.0	23.22	-16.71	54.78	307.01	-52.99	-1.520	3.470	24.740	-20.180	-6684.000	-8072.000
2012	11	22	16	6	1	327	245.0	-168.0	25.62	-20.26	54.78	307.01	-52.99	-1.520	3.470	27.140	-23.730	-8104.000	-9492.000
2012	11	22	16	6	1	327	245.0	-176.0	20.48	-23.49	54.78	307.01	-52.99	-1.520	3.470	22.000	-26.960	-9396.000	-10784.000
2012	11	22	16	6	1	327	245.0	-184.0	18.36	-25.17	54.78	307.01	-52.99	-1.520	3.470	19.880	-28.640	-10068.000	-11456.000
2012	11	22	16	6	1	327	245.0	-192.0	12.49	-24.01	54.78	307.01	-52.99	-1.520	3.470	14.010	-27.480	-9604.000	-10992.000
2012	11	22	16	6	1	327	245.0	-200.0	10.05	-24.51	54.78	307.01	-52.99	-1.520	3.470	11.570	-27.980	-9804.000	-11192.000
2012	11	22	16	6	1	327	245.0	-208.0	7.40	-19.74	54.78	307.01	-52.99	-1.520	3.470	8.920	-23.210	-7896.000	-9284.000
2012	11	22	16	6	1	327	245.0	-216.0	3.53	-18.58	54.78	307.01	-52.99	-1.520	3.470	5.050	-22.050	-7432.000	-8820.000
2012	11	22	16	6	1	327	245.0	-224.0	5.16	-14.16	54.78	307.01	-52.99	-1.520	3.470	6.680	-17.630	-5664.000	-7052.000
2012	11	22	16	6	1	327	245.0	-232.0	2.06	-9.92	54.78	307.01	-52.99	-1.520	3.470	3.580	-13.390	-3968.000	-5356.000
2012	11	22	16	6	1	327	245.0	-240.0	0.80	-8.53	54.78	307.01	-52.99	-1.520	3.470	2.320	-12.000	-3412.000	-4800.000
2012	11	22	16	6	1	327	245.0	-248.0	2.69	-5.61	54.78	307.01	-52.99	-1.520	3.470	4.210	-9.080	-2244.000	-3632.000
2012	11	22	16	6	1	327	245.0	-256.0	2.25	-5.09	54.78	307.01	-52.99	-1.520	3.470	3.770	-8.560	-2036.000	-3424.000
2012	11	22	16	6	1	327	245.0	-264.0	-0.49	-3.77	54.78	307.01	-52.99	-1.520	3.470	1.030	-7.240	-1508.000	-2896.000
2012	11	22	16	6	1	327	245.0	-272.0	2.95	-5.24	54.78	307.01	-52.99	-1.520	3.470	4.470	-8.710	-2096.000	-3484.000
2012	11	22	16	6	1	327	245.0	-280.0	1.39	-3.22	54.78	307.01	-52.99	-1.520	3.470	2.910	-6.690	-1288.000	-2676.000
2012	11	22	16	6	1	327	245.0	-288.0	-0.01	-1.82	54.78	307.01	-52.99	-1.520	3.470	1.510	-5.290	-728.000	-2116.000
2012	11	22	16	6	1	327	245.0	-296.0	1.26	-0.88	54.78	307.01	-52.99	-1.520	3.470	2.780	-4.350	-352.000	-1740.000
2012	11	22	16	6	1	327	245.0	-304.0	0.12	-2.90	54.78	307.01	-52.99	-1.520	3.470	1.640	-6.370	-1160.000	-2548.000
2012	11	22	16	6	1	327	245.0	-312.0	-0.13	-5.69	54.78	307.01	-52.99	-1.520	3.470	1.390	-9.160	-2276.000	-3664.000
2012	11	22	16	6	1	327	245.0	-320.0	0.80	-2.42	54.78	307.01	-52.99	-1.520	3.470	2.320	-5.890	-968.000	-2356.000
2012	11	22	16	6	1	327	245.0	-328.0	0.63	-1.80	54.78	307.01	-52.99	-1.520	3.470	2.150	-5.270	-720.000	-2108.000
2012	11	22	16	6	1	327	245.0	-336.0	1.63	-5.56	54.78	307.01	-52.99	-1.520	3.470	3.150	-9.030	-2224.000	-3612.000
2012	11	22	16	6	1	327	245.0	-344.0	2.83	-3.41	54.78	307.01	-52.99	-1.520	3.470	4.350	-6.880	-1364.000	-2752.000
2012	11	22	16	6	1	327	245.0	-352.0	2.37	-3.03	54.78	307.01	-52.99	-1.520	3.470	3.890	-6.500	-1212.000	-2600.000
2012	11	22	16	6	1	327	245.0	-360.0	3.01	-6.81	54.78	307.01	-52.99	-1.520	3.470	4.530	-10.280	-2724.000	-4112.000
2012	11	22	16	6	1	327	245.0	-368.0	1.92	-3.36	54.78	307.01	-52.99	-1.520	3.470	3.440	-6.830	-1344.000	-2732.000
2012	11	22	16	6	1	327	245.0	-376.0	4.91	-2.37	54.78	307.01	-52.99	-1.520	3.470	6.430	-5.840	-948.000	-2336.000
2012	11	22	16	6	1	327	245.0	-384.0	5.43	-2.92	54.78	307.01	-52.99	-1.520	3.470	6.950	-6.390	-1168.000	-2556.000
2012	11	22	16	6	1	327	245.0	-392.0	6.50	0.87	54.78	307.01	-52.99	-1.520	3.470	8.020	-2.600	348.000	-1040.000
2012	11	22	16	6	1	327	245.0	-400.0	6.41	-0.10	54.78	307.01	-52.99	-1.520	3.470	7.930	-3.570	-40.000	-1428.000
2012	11	22	16	6	1	327	245.0	-408.0	5.85	-0.78	54.78	307.01	-52.99	-1.520	3.470	7.370	-4.250	-312.000	-1700.000
2012	11	22	16	6	1	327	245.0	-416.0	9.75	-0.26	54.78	307.01	-52.99	-1.520	3.470	11.270	-3.730	-104.000	-1492.000
2012	11	22	16	6	1	327	245.0	-424.0	8.34	2.06	54.78	307.01	-52.99	-1.520	3.470	9.860	-1.410	824.000	-564.000
2012	11	22	16	6	1	327	245.0	-432.0	4.97	-0.06	54.78	307.01	-52.99	-1.520	3.470	6.490	-3.530	-24.000	-1412.000
2012	11	22	16	6	1	327	245.0	-440.0	5.94	1.51	54.78	307.01	-52.99	-1.520	3.470	7.460	-1.960	604.000	-784.000
2012	11	22	16	6	1	327	245.0	-448.0	5.72	2.49	54.78	307.01	-52.99	-1.520	3.470	7.240	-0.980	996.000	-392.000
2012	11	22	16	6	1	327	245.0	-456.0	7.77	1.77	54.78	307.01	-52.99	-1.520	3.470	9.290	-1.700	708.000	-680.000
2012	11	22	16	6	1	327	245.0	-464.0	7.39	2.65	54.78	307.01	-52.99	-1.520	3.470	8.910	-0.820	1060.000	-328.000
2012	11	22	16	6	1	327	245.0	-472.0	10.15	2.11	54.78	307.01	-52.99	-1.520	3.470	11.670	-1.360	844.000	-544.000
2012	11	22	16	6	1	327	245.0	-480.0	9.43	0.65	54.78	307.01	-52.99	-1.520	3.470	10.950	-2.820	260.000	-1128.000
2012	11	22	16	6	1	327	245.0	-488.0	11.71	2.97	54.78	307.01	-52.99	-1.520	3.470	13.230	-0.500	1188.000	-200.000
2012	11	22	16	6	1	327	245.0	-496.0	9.93	0.22	54.78	307.01	-52.99	-1.520	3.470	11.450	-3.250	88.000	-1300.000
2012	11	22	16	6	1	327	245.0	-504.0	8.58	0.90	54.78	307.01	-52.99	-1.520	3.470	10.100	-2.570	360.000	-1028.000
2012	11	22	16	6	1	327	245.0	-512.0	11.57	2.07	54.78	307.01	-52.99	-1.520	3.470	13.090	-1.400	828.000	-560.000
2012	11	22	16	6	1	327	245.0	-520.0	11.89	1.21	54.78	307.01	-52.99	-1.520	3.470	13.410	-2.260	484.000	-904.000
2012	11	22	16	6	1	327	245.0	-528.0	10.65	-0.67	54.78	307.01	-52.99	-1.520	3.470	12.170	-4.140	-268.000	-1656.000
2012	11	22	16	6	1	327	245.0	-536.0	9.37	0.82	54.78	307.01	-52.99	-1.520	3.470	10.890	-2.650	328.000	-1060.000
2012	11	22	16	6	1	327	245.0	-544.0	7.43	1.09	54.78	307.01	-52.99	-1.520	3.470	8.950	-2.380	436.000	-952.000
2012	11	22	16	6	1	327	245.0	-552.0	7.11	0.04	54.78	307.01	-52.99	-1.520	3.470	8.630	-3.430	16.000	-1372.000
2012	11	22	16	6	1	327	245.0	-560.0	5.57	0.96	54.78	307.01	-52.99	-1.520	3.470	7.090	-2.510	384.000	-1004.000
2012	11	22	16	6	1	327	245.0	-568.0	2.55	-0.06	54.78	307.01	-52.99	-1.520	3.470	4.070	-3.530	-24.000	-1412.000
2012	11	22	16	6	1	327	245.0	-576.0	3.70	-1.32	54.78	307.01	-52.99	-1.520	3.470	5.220	-4.790	-528.000	-1916.000
2012	11	22	16	6	1	327	245.0	-584.0	2.92	-3.50	54.78	307.01	-52.99	-1.520	3.470	4.440	-6.970	-1400.000	-2788.000
2012	11	22	16	6	1	327	245.0	-592.0	-0.93	-0.29	54.78	307.01	-52.99	-1.520	3.470	0.590	-3.760	-116.000	-1504.000
2012	11	22	16	6	1	327	245.0	-600.0	1.70	-0.15	54.78	307.01	-52.99	-1.520	3.470	3.220	-3.620	-60.000	-1448.000
2012	11	22	16	6	1	327	245.0	-608.0	0.73	-3.35	54.78	307.01	-52.99	-1.520	3.470	2.250	-6.820	-1340.000	-2728.000
2012	11	22	16	6	1	327	245.0	-616.0	5.19	-0.51	54.78	307.01	-52.99	-1.520	3.470	6.710	-3.980	-204.000	-1592.000
2012	11	22	16	6	1	327	245.0	-624.0	8.73	3.82	54.78	307.01	-52.99	-1.520	3.470	10.250	0.350	1528.000	140.000
2012	11	22	17	0	1	327	250.0	-88.0	15.50	-7.81	54.78	307.02	-52.98	-0.130	2.470	15.630	-10.280	-3124.000	-4112.000
2012	11	22	17	0	1	327	250.0	-104.0	0.80	-6.61	54.78	307.02	-52.98	-0.130	2.470	0.930	-9.080	-2644.000	-3632.000
2012	11	22	17	0	1	327	250.0	-112.0	3.60	-20.31	54.78	307.02	-52.98	-0.130	2.470	3.730	-22.780	-8124.000	-9112.000
2012	11	22	17	0	1	327	250.0	-120.0	14.00	-21.91	54.78	307.02	-52.98	-0.130	2.470	14.130	-24.380	-8764.000	-9752.000
2012	11	22	17	0	1	327	250.0	-128.0	13.20	-13.31	54.78	307.02	-52.98	-0.130	2.470	13.330	-15.780	-5324.000	-6312.000
2012	11	22	17	0	1	327	250.0	-136.0	21.00	-19.61	54.78	307.02	-52.98	-0.130	2.470	21.130	-22.080	-7844.000	-8832.000
2012	11	22	17	0	1	327	250.0	-144.0	14.60	-25.61	54.78	307.02	-52.98	-0.130	2.470	14.730	-28.080	-10244.000	-11232.000
2012	11	22	17	0	1	327	250.0	-176.0	-0.70	-27.41	54.78	307.02	-52.98	-0.130	2.470	-0.570	-29.880	-10964.000	-11952.000
2012	11	22	17	0	1	327	250.0	-184.0	1.00	-23.01	54.78	307.02	-52.98	-0.130	2.470	1.130	-25.480	-9204.000	-10192.000
2012	11	22	17	0	1	327	250.0	-192.0	-3.80	-24.91	54.78	307.02	-52.98	-0.130	2.470	-3.670	-27.380	-9964.000	-10952.000
2012	11	22	17	0	1	327	250.0	-200.0	-2.80	-15.81	54.78	307.02	-52.98	-0.130	2.470	-2.670	-18.280	-6324.000	-7312.000
2012	11	22	17	0	1	327	250.0	-208.0	-3.30	-24.71	54.78	307.02	-52.98	-0.130	2.470	-3.170	-27.180	-9884.000	-10872.000
2012	11	22	17	0	1	327	250.0	-216.0	-9.10	-20.61	54.78	307.02	-52.98	-0.130	2.470	-8.970	-23.080	-8244.000	-9232.000
2012	11	22	17	0	1	327	250.0	-224.0	-9.60	-14.21	54.78	307.02	-52.98	-0.130	2.470	-9.470	-16.680	-5684.000	-6672.000
2012	11	22	17	0	1	327	250.0	-232.0	-10.50	-12.61	54.78	307.02	-52.98	-0.130	2.470	-10.370	-15.080	-5044.000	-6032.000
2012	11	22	17	0	1	327	250.0	-240.0	-7.50	3.49	54.78	307.02	-52.98	-0.130	2.470	-7.370	1.020	1396.000	408.000
2012	11	22	17	0	1	327	250.0	-248.0	-4.70	1.39	54.78	307.02	-52.98	-0.130	2.470	-4.570	-1.080	556.000	-432.000
2012	11	22	17	0	1	327	250.0	-256.0	-8.70	-8.71	54.78	307.02	-52.98	-0.130	2.470	-8.570	-11.180	-3484.000	-4472.000
2012	11	22	17	0	1	327	250.0	-264.0	-2.80	11.29	54.78	307.02	-52.98	-0.130	2.470	-2.670	8.820	4516.000	3528.000
2012	11	22	17	0	1	327	250.0	-272.0	-0.40	0.49	54.78	307.02	-52.98	-0.130	2.470	-0.270	-1.980	196.000	-792.000
2012	11	22	17	0	1	327	250.0	-280.0	-3.10	2.99	54.78	307.02	-52.98	-0.130	2.470	-2.970	0.520	1196.000	208.000
2012	11	22	17	0	1	327	250.0	-288.0	-12.20	6.49	54.78	307.02	-52.98	-0.130	2.470	-12.070	4.020	2596.000	1608.000
2012	11	22	17	0	1	327	250.0	-296.0	-6.40	-7.51	54.78	307.02	-52.98	-0.130	2.470	-6.270	-9.980	-3004.000	-3992.000
2012	11	22	17	0	1	327	250.0	-304.0	-13.40	-0.61	54.78	307.02	-52.98	-0.130	2.470	-13.270	-3.080	-244.000	-1232.000
2012	11	22	17	0	1	327	250.0	-312.0	-2.50	-2.51	54.78	307.02	-52.98	-0.130	2.470	-2.370	-4.980	-1004.000	-1992.000
2012	11	22	17	0	1	327	250.0	-320.0	-4.30	0.59	54.78	307.02	-52.98	-0.130	2.470	-4.170	-1.880	236.000	-752.000
2012	11	22	17	0	1	327	250.0	-328.0	-0.70	2.89	54.78	307.02	-52.98	-0.130	2.470	-0.570	0.420	1156.000	168.000
2012	11	22	17	0	1	327	250.0	-336.0	-11.90	4.69	54.78	307.02	-52.98	-0.130	2.470	-11.770	2.220	1876.000	888.000
2012	11	22	17	0	1	327	250.0	-344.0	-10.70	-5.81	54.78	307.02	-52.98	-0.130	2.470	-10.570	-8.280	-2324.000	-3312.000
2012	11	22	17	0	1	327	250.0	-352.0	-4.50	5.89	54.78	307.02	-52.98	-0.130	2.470	-4.370	3.420	2356.000	1368.000
2012	11	22	17	0	1	327	250.0	-360.0	-3.00	-1.11	54.78	307.02	-52.98	-0.130	2.470	-2.870	-3.580	-444.000	-1432.000
2012	11	22	17	0	1	327	250.0	-368.0	6.00	2.39	54.78	307.02	-52.98	-0.130	2.470	6.130	-0.080	956.000	-32.000
2012	11	22	17	0	1	327	250.0	-376.0	1.80	0.29	54.78	307.02	-52.98	-0.130	2.470	1.930	-2.180	116.000	-872.000
2012	11	22	17	0	1	327	250.0	-384.0	-1.50	-5.11	54.78	307.02	-52.98	-0.130	2.470	-1.370	-7.580	-2044.000	-3032.000
2012	11	22	17	0	1	327	250.0	-392.0	0.60	-8.31	54.78	307.02	-52.98	-0.130	2.470	0.730	-10.780	-3324.000	-4312.000
2012	11	22	17	0	1	327	250.0	-400.0	3.60	-4.81	54.78	307.02	-52.98	-0.130	2.470	3.730	-7.280	-1924.000	-2912.000
2012	11	22	17	0	1	327	250.0	-408.0	6.10	-2.11	54.78	307.02	-52.98	-0.130	2.470	6.230	-4.580	-844.000	-1832.000
2012	11	22	17	0	1	327	250.0	-416.0	5.90	-1.51	54.78	307.02	-52.98	-0.130	2.470	6.030	-3.980	-604.000	-1592.000
2012	11	22	17	0	1	327	250.0	-424.0	-1.30	-3.01	54.78	307.02	-52.98	-0.130	2.470	-1.170	-5.480	-1204.000	-2192.000
2012	11	22	17	0	1	327	250.0	-432.0	4.30	-1.71	54.78	307.02	-52.98	-0.130	2.470	4.430	-4.180	-684.000	-1672.000
2012	11	22	17	0	1	327	250.0	-440.0	0.70	6.79	54.78	307.02	-52.98	-0.130	2.470	0.830	4.320	2716.000	1728.000
2012	11	22	17	0	1	327	250.0	-448.0	6.00	1.89	54.78	307.02	-52.98	-0.130	2.470	6.130	-0.580	756.000	-232.000
2012	11	22	17	0	1	327	250.0	-456.0	5.40	1.59	54.78	307.02	-52.98	-0.130	2.470	5.530	-0.880	636.000	-352.000
2012	11	22	17	0	1	327	250.0	-464.0	1.40	5.59	54.78	307.02	-52.98	-0.130	2.470	1.530	3.120	2236.000	1248.000
2012	11	22	17	0	1	327	250.0	-472.0	-2.90	1.39	54.78	307.02	-52.98	-0.130	2.470	-2.770	-1.080	556.000	-432.000
2012	11	22	17	0	1	327	250.0	-480.0	4.10	3.09	54.78	307.02	-52.98	-0.130	2.470	4.230	0.620	1236.000	248.000
2012	11	22	17	0	1	327	250.0	-488.0	3.50	2.39	54.78	307.02	-52.98	-0.130	2.470	3.630	-0.080	956.000	-32.000
2012	11	22	17	0	1	327	250.0	-496.0	8.50	1.79	54.78	307.02	-52.98	-0.130	2.470	8.630	-0.680	716.000	-272.000
2012	11	22	17	0	1	327	250.0	-504.0	3.40	-11.41	54.78	307.02	-52.98	-0.130	2.470	3.530	-13.880	-4564.000	-5552.000
2012	11	22	17	0	1	327	250.0	-512.0	-0.60	-1.81	54.78	307.02	-52.98	-0.130	2.470	-0.470	-4.280	-724.000	-1712.000
2012	11	22	17	0	1	327	250.0	-520.0	-1.20	0.19	54.78	307.02	-52.98	-0.130	2.470	-1.070	-2.280	76.000	-912.000
2012	11	22	17	0	1	327	250.0	-528.0	2.40	-4.71	54.78	307.02	-52.98	-0.130	2.470	2.530	-7.180	-1884.000	-2872.000
2012	11	22	17	0	1	327	250.0	-536.0	-1.50	-4.41	54.78	307.02	-52.98	-0.130	2.470	-1.370	-6.880	-1764.000	-2752.000
2012	11	22	17	0	1	327	250.0	-544.0	4.60	-1.21	54.78	307.02	-52.98	-0.130	2.470	4.730	-3.680	-484.000	-1472.000
2012	11	22	17	0	1	327	250.0	-552.0	2.90	-0.41	54.78	307.02	-52.98	-0.130	2.470	3.030	-2.880	-164.000	-1152.000
2012	11	22	17	0	1	327	250.0	-560.0	0.60	0.69	54.78	307.02	-52.98	-0.130	2.470	0.730	-1.780	276.000	-712.000
2012	11	22	17	0	1	327	250.0	-568.0	-7.30	-1.61	54.78	307.02	-52.98	-0.130	2.470	-7.170	-4.080	-644.000	-1632.000
2012	11	22	17	0	1	327	250.0	-576.0	-1.90	-1.41	54.78	307.02	-52.98	-0.130	2.470	-1.770	-3.880	-564.000	-1552.000
2012	11	22	17	0	1	327	250.0	-584.0	-6.70	-1.21	54.78	307.02	-52.98	-0.130	2.470	-6.570	-3.680	-484.000	-1472.000
2012	11	22	17	0	1	327	250.0	-592.0	-2.70	5.29	54.78	307.02	-52.98	-0.130	2.470	-2.570	2.820	2116.000	1128.000
2012	11	22	17	0	1	327	250.0	-600.0	0.60	-8.61	54.78	307.02	-52.98	-0.130	2.470	0.730	-11.080	-3444.000	-4432.000
2012	11	22	17	0	1	327	250.0	-608.0	-8.90	-9.41	54.78	307.02	-52.98	-0.130	2.470	-8.770	-11.880	-3764.000	-4752.000
2012	11	22	17	0	1	327	250.0	-616.0	-10.10	0.29	54.78	307.02	-52.98	-0.130	2.470	-9.970	-2.180	116.000	-872.000
2012	11	22	17	0	1	327	250.0	-624.0	-2.00	-3.21	54.78	307.02	-52.98	-0.130	2.470	-1.870	-5.680	-1284.000	-2272.000
2012	11	22	17	25	1	327	255.0	-40.0	28.92	-22.42	54.84	307.13	-52.87	0.440	1.700	28.480	-24.120	-8968.000	-9648.000
2012	11	22	17	25	1	327	255.0	-128.0	21.92	-15.72	54.84	307.13	-52.87	0.440	1.700	21.480	-17.420	-6288.000	-6968.000
2012	11	22	17	25	1	327	255.0	-136.0	20.52	-20.52	54.84	307.13	-52.87	0.440	1.700	20.080	-22.220	-8208.000	-8888.000
2012	11	22	17	25	1	327	255.0	-144.0	21.32	-21.92	54.84	307.13	-52.87	0.440	1.700	20.880	-23.620	-8768.000	-9448.000
2012	11	22	17	25	1	327	255.0	-152.0	27.42	-18.22	54.84	307.13	-52.87	0.440	1.700	26.980	-19.920	-7288.000	-7968.000
2012	11	22	17	25	1	327	255.0	-160.0	26.92	-28.92	54.84	307.13	-52.87	0.440	1.700	26.480	-30.620	-11568.000	-12248.000
2012	11	22	17	25	1	327	255.0	-168.0	20.12	-32.72	54.84	307.13	-52.87	0.440	1.700	19.680	-34.420	-13088.000	-13768.000
2012	11	22	17	25	1	327	255.0	-176.0	19.82	-41.42	54.84	307.13	-52.87	0.440	1.700	19.380	-43.120	-16568.000	-17248.000
2012	11	22	17	25	1	327	255.0	-200.0	-0.38	-23.22	54.84	307.13	-52.87	0.440	1.700	-0.820	-24.920	-9288.000	-9968.000
2012	11	22	17	25	1	327	255.0	-208.0	10.92	-26.32	54.84	307.13	-52.87	0.440	1.700	10.480	-28.020	-10528.000	-11208.000
2012	11	22	17	25	1	327	255.0	-232.0	6.72	-10.92	54.84	307.13	-52.87	0.440	1.700	6.280	-12.620	-4368.000	-5048.000
2012	11	22	17	25	1	327	255.0	-240.0	10.22	-7.22	54.84	307.13	-52.87	0.440	1.700	9.780	-8.920	-2888.000	-3568.000
2012	11	22	17	25	1	327	255.0	-248.0	4.92	-6.42	54.84	307.13	-52.87	0.440	1.700	4.480	-8.120	-2568.000	-3248.000
2012	11	22	17	25	1	327	255.0	-256.0	0.22	-10.32	54.84	307.13	-52.87	0.440	1.700	-0.220	-12.020	-4128.000	-4808.000
2012	11	22	17	25	1	327	255.0	-264.0	-1.48	-19.02	54.84	307.13	-52.87	0.440	1.700	-1.920	-20.720	-7608.000	-8288.000
2012	11	22	17	25	1	327	255.0	-272.0	1.72	-14.42	54.84	307.13	-52.87	0.440	1.700	1.280	-16.120	-5768.000	-6448.000
2012	11	22	17	25	1	327	255.0	-280.0	8.32	-12.42	54.84	307.13	-52.87	0.440	1.700	7.880	-14.120	-4968.000	-5648.000
2012	11	22	17	25	1	327	255.0	-288.0	12.72	-5.92	54.84	307.13	-52.87	0.440	1.700	12.280	-7.620	-2368.000	-3048.000
2012	11	22	17	25	1	327	255.0	-296.0	6.72	-9.72	54.84	307.13	-52.87	0.440	1.700	6.280	-11.420	-3888.000	-4568.000
2012	11	22	17	25	1	327	255.0	-304.0	1.02	-7.12	54.84	307.13	-52.87	0.440	1.700	0.580	-8.820	-2848.000	-3528.000
2012	11	22	17	25	1	327	255.0	-312.0	-0.88	-6.32	54.84	307.13	-52.87	0.440	1.700	-1.320	-8.020	-2528.000	-3208.000
2012	11	22	17	25	1	327	255.0	-320.0	-2.68	-2.22	54.84	307.13	-52.87	0.440	1.700	-3.120	-3.920	-888.000	-1568.000
2012	11	22	17	25	1	327	255.0	-328.0	4.42	-7.22	54.84	307.13	-52.87	0.440	1.700	3.980	-8.920	-2888.000	-3568.000
2012	11	22	17	25	1	327	255.0	-344.0	7.72	-4.12	54.84	307.13	-52.87	0.440	1.700	7.280	-5.820	-1648.000	-2328.000
2012	11	22	17	25	1	327	255.0	-360.0	8.72	-11.02	54.84	307.13	-52.87	0.440	1.700	8.280	-12.720	-4408.000	-5088.000
2012	11	22	17	25	1	327	255.0	-384.0	12.32	-6.42	54.84	307.13	-52.87	0.440	1.700	11.880	-8.120	-2568.000	-3248.000
2012	11	22	17	30	1	327	260.0	-96.0	26.04	-2.29	54.85	307.15	-52.85	0.490	1.500	25.550	-3.790	-916.000	-1516.000
2012	11	22	17	30	1	327	260.0	-112.0	19.04	-5.49	54.85	307.15	-52.85	0.490	1.500	18.550	-6.990	-2196.000	-2796.000
2012	11	22	17	30	1	327	260.0	-120.0	25.64	-14.29	54.85	307.15	-52.85	0.490	1.500	25.150	-15.790	-5716.000	-6316.000
2012	11	22	17	30	1	327	260.0	-128.0	15.94	-17.19	54.85	307.15	-52.85	0.490	1.500	15.450	-18.690	-6876.000	-7476.000
2012	11	22	17	30	1	327	260.0	-136.0	23.94	-18.79	54.85	307.15	-52.85	0.490	1.500	23.450	-20.290	-7516.000	-8116.000
2012	11	22	17	30	1	327	260.0	-152.0	15.04	-26.59	54.85	307.15	-52.85	0.490	1.500	14.550	-28.090	-10636.000	-11236.000
2012	11	22	17	30	1	327	260.0	-160.0	16.84	-17.69	54.85	307.15	-52.85	0.490	1.500	16.350	-19.190	-7076.000	-7676.000
2012	11	22	17	30	1	327	260.0	-248.0	-1.46	-1.29	54.85	307.15	-52.85	0.490	1.500	-1.950	-2.790	-516.000	-1116.000
2012	11	22	17	30	1	327	260.0	-256.0	2.44	-8.89	54.85	307.15	-52.85	0.490	1.500	1.950	-10.390	-3556.000	-4156.000
2012	11	22	17	30	1	327	260.0	-272.0	-5.06	-7.49	54.85	307.15	-52.85	0.490	1.500	-5.550	-8.990	-2996.000	-3596.000
2012	11	22	17	30	1	327	260.0	-280.0	-0.96	-6.99	54.85	307.15	-52.85	0.490	1.500	-1.450	-8.490	-2796.000	-3396.000
2012	11	22	18	0	1	327	270.0	-40.0	40.18	-5.71	54.93	307.28	-52.72	0.830	0.460	39.350	-6.170	-2284.000	-2468.000
2012	11	22	18	0	1	327	270.0	-56.0	20.68	-20.41	54.93	307.28	-52.72	0.830	0.460	19.850	-20.870	-8164.000	-8348.000
2012	11	22	18	0	1	327	270.0	-64.0	4.88	-12.41	54.93	307.28	-52.72	0.830	0.460	4.050	-12.870	-4964.000	-5148.000
2012	11	22	18	0	1	327	270.0	-72.0	12.48	-13.81	54.93	307.28	-52.72	0.830	0.460	11.650	-14.270	-5524.000	-5708.000
2012	11	22	18	0	1	327	270.0	-88.0	0.78	-1.51	54.93	307.28	-52.72	0.830	0.460	-0.050	-1.970	-604.000	-788.000
2012	11	22	18	0	1	327	270.0	-96.0	14.58	-9.21	54.93	307.28	-52.72	0.830	0.460	13.750	-9.670	-3684.000	-3868.000
2012	11	22	18	0	1	327	270.0	-104.0	13.78	-3.71	54.93	307.28	-52.72	0.830	0.460	12.950	-4.170	-1484.000	-1668.000
2012	11	22	18	0	1	327	270.0	-112.0	11.18	1.29	54.93	307.28	-52.72	0.830	0.460	10.350	0.830	516.000	332.000
2012	11	22	18	0	1	327	270.0	-120.0	5.58	-3.21	54.93	307.28	-52.72	0.830	0.460	4.750	-3.670	-1284.000	-1468.000
2012	11	22	18	0	1	327	270.0	-128.0	17.98	-0.81	54.93	307.28	-52.72	0.830	0.460	17.150	-1.270	-324.000	-508.000
2012	11	22	18	0	1	327	270.0	-136.0	9.88	-6.71	54.93	307.28	-52.72	0.830	0.460	9.050	-7.170	-2684.000	-2868.000
2012	11	22	18	0	1	327	270.0	-144.0	9.58	-0.81	54.93	307.28	-52.72	0.830	0.460	8.750	-1.270	-324.000	-508.000
2012	11	22	18	0	1	327	270.0	-152.0	3.98	-4.61	54.93	307.28	-52.72	0.830	0.460	3.150	-5.070	-1844.000	-2028.000
2012	11	22	18	0	1	327	270.0	-160.0	6.58	-10.71	54.93	307.28	-52.72	0.830	0.460	5.750	-11.170	-4284.000	-4468.000
2012	11	22	18	0	1	327	270.0	-168.0	2.78	-21.11	54.93	307.28	-52.72	0.830	0.460	1.950	-21.570	-8444.000	-8628.000
2012	11	22	18	0	1	327	270.0	-176.0	7.48	-25.11	54.93	307.28	-52.72	0.830	0.460	6.650	-25.570	-10044.000	-10228.000
2012	11	22	18	0	1	327	270.0	-184.0	4.68	-14.01	54.93	307.28	-52.72	0.830	0.460	3.850	-14.470	-5604.000	-5788.000
2012	11	22	18	0	1	327	270.0	-192.0	5.88	-13.81	54.93	307.28	-52.72	0.830	0.460	5.050	-14.270	-5524.000	-5708.000
2012	11	22	18	0	1	327	270.0	-200.0	1.28	-11.81	54.93	307.28	-52.72	0.830	0.460	0.450	-12.270	-4724.000	-4908.000
2012	11	22	18	0	1	327	270.0	-208.0	6.28	-18.21	54.93	307.28	-52.72	0.830	0.460	5.450	-18.670	-7284.000	-7468.000
2012	11	22	18	0	1	327	270.0	-216.0	12.98	-11.21	54.93	307.28	-52.72	0.830	0.460	12.150	-11.670	-4484.000	-4668.000
2012	11	22	18	0	1	327	270.0	-224.0	7.38	-4.51	54.93	307.28	-52.72	0.830	0.460	6.550	-4.970	-1804.000	-1988.000
2012	11	22	18	0	1	327	270.0	-232.0	13.78	-5.51	54.93	307.28	-52.72	0.830	0.460	12.950	-5.970	-2204.000	-2388.000
2012	11	22	18	0	1	327	270.0	-240.0	4.98	0.59	54.93	307.28	-52.72	0.830	0.460	4.150	0.130	236.000	52.000
2012	11	22	18	0	1	327	270.0	-248.0	9.28	3.89	54.93	307.28	-52.72	0.830	0.460	8.450	3.430	1556.000	1372.000
2012	11	22	18	0	1	327	270.0	-256.0	5.88	-2.41	54.93	307.28	-52.72	0.830	0.460	5.050	-2.870	-964.000	-1148.000
2012	11	22	18	0	1	327	270.0	-264.0	7.58	4.89	54.93	307.28	-52.72	0.830	0.460	6.750	4.430	1956.000	1772.000
2012	11	22	18	0	1	327	270.0	-272.0	6.58	-4.71	54.93	307.28	-52.72	0.830	0.460	5.750	-5.170	-1884.000	-2068.000
2012	11	22	18	0	1	327	270.0	-280.0	23.58	-5.41	54.93	307.28	-52.72	0.830	0.460	22.750	-5.870	-2164.000	-2348.000
2012	11	22	18	0	1	327	270.0	-296.0	14.18	0.19	54.93	307.28	-52.72	0.830	0.460	13.350	-0.270	76.000	-108.000
2012	11	22	18	0	1	327	270.0	-304.0	18.48	3.99	54.93	307.28	-52.72	0.830	0.460	17.650	3.530	1596.000	1412.000
2012	11	22	18	0	1	327	270.0	-320.0	20.28	6.09	54.93	307.28	-52.72	0.830	0.460	19.450	5.630	2436.000	2252.000
2012	11	22	18	0	1	327	270.0	-328.0	24.68	-3.21	54.93	307.28	-52.72	0.830	0.460	23.850	-3.670	-1284.000	-1468.000
2012	11	22	18	0	1	327	270.0	-336.0	9.48	7.39	54.93	307.28	-52.72	0.830	0.460	8.650	6.930	2956.000	2772.000
2012	11	22	18	0	1	327	270.0	-344.0	15.98	3.79	54.93	307.28	-52.72	0.830	0.460	15.150	3.330	1516.000	1332.000
2012	11	22	18	0	1	327	270.0	-352.0	19.08	9.29	54.93	307.28	-52.72	0.830	0.460	18.250	8.830	3716.000	3532.000
2012	11	22	18	0	1	327	270.0	-360.0	10.28	10.49	54.93	307.28	-52.72	0.830	0.460	9.450	10.030	4196.000	4012.000
2012	11	22	18	0	1	327	270.0	-368.0	19.08	1.29	54.93	307.28	-52.72	0.830	0.460	18.250	0.830	516.000	332.000
2012	11	22	18	0	1	327	270.0	-376.0	12.58	0.89	54.93	307.28	-52.72	0.830	0.460	11.750	0.430	356.000	172.000
2012	11	22	18	0	1	327	270.0	-384.0	9.38	3.69	54.93	307.28	-52.72	0.830	0.460	8.550	3.230	1476.000	1292.000
2012	11	22	18	0	1	327	270.0	-392.0	13.08	-4.51	54.93	307.28	-52.72	0.830	0.460	12.250	-4.970	-1804.000	-1988.000
2012	11	22	18	0	1	327	270.0	-400.0	14.08	1.29	54.93	307.28	-52.72	0.830	0.460	13.250	0.830	516.000	332.000
2012	11	22	18	0	1	327	270.0	-408.0	7.38	-3.91	54.93	307.28	-52.72	0.830	0.460	6.550	-4.370	-1564.000	-1748.000
2012	11	22	18	0	1	327	270.0	-416.0	9.88	3.09	54.93	307.28	-52.72	0.830	0.460	9.050	2.630	1236.000	1052.000
2012	11	22	18	0	1	327	270.0	-424.0	9.48	-0.71	54.93	307.28	-52.72	0.830	0.460	8.650	-1.170	-284.000	-468.000
2012	11	22	18	0	1	327	270.0	-432.0	10.98	1.69	54.93	307.28	-52.72	0.830	0.460	10.150	1.230	676.000	492.000
2012	11	22	18	5	1	327	275.0	-120.0	15.40	-7.28	54.94	307.30	-52.70	0.890	0.310	14.510	-7.590	-2912.000	-3036.000
2012	11	22	19	2	1	327	290.0	-40.0	39.11	0.27	55.07	307.51	-52.49	1.690	-1.100	37.420	1.370	108.000	548.000
2012	11	22	19	2	1	327	290.0	-48.0	36.71	0.37	55.07	307.51	-52.49	1.690	-1.100	35.020	1.470	148.000	588.000
2012	11	22	19	2	1	327	290.0	-56.0	33.90	-1.24	55.06	307.49	-52.51	1.700	-1.100	32.200	-0.140	-496.000	-56.000
2012	11	22	19	2	1	327	290.0	-64.0	42.41	-12.53	55.07	307.51	-52.49	1.690	-1.100	40.720	-11.430	-5012.000	-4572.000
2012	11	22	19	2	1	327	290.0	-72.0	31.60	-5.28	55.06	307.50	-52.50	1.710	-1.100	29.890	-4.180	-2112.000	-1672.000
2012	11	22	19	2	1	327	290.0	-80.0	31.69	-5.40	55.07	307.50	-52.50	1.680	-1.100	30.010	-4.300	-2160.000	-1720.000
2012	11	22	19	2	1	327	290.0	-88.0	28.12	-3.80	55.06	307.50	-52.50	1.710	-1.100	26.410	-2.700	-1520.000	-1080.000
2012	11	22	19	2	1	327	290.0	-96.0	26.40	-5.36	55.06	307.50	-52.50	1.710	-1.100	24.690	-4.260	-2144.000	-1704.000
2012	11	22	19	2	1	327	290.0	-104.0	24.13	-5.21	55.06	307.49	-52.51	1.700	-1.100	22.430	-4.110	-2084.000	-1644.000
2012	11	22	19	2	1	327	290.0	-112.0	27.28	-9.24	55.06	307.50	-52.50	1.710	-1.100	25.570	-8.140	-3696.000	-3256.000
2012	11	22	19	2	1	327	290.0	-120.0	22.85	-8.24	55.06	307.50	-52.50	1.710	-1.100	21.140	-7.140	-3296.000	-2856.000
2012	11	22	19	2	1	327	290.0	-128.0	20.22	-12.37	55.06	307.50	-52.50	1.710	-1.100	18.510	-11.270	-4948.000	-4508.000
2012	11	22	19	2	1	327	290.0	-136.0	20.73	-11.64	55.06	307.50	-52.50	1.710	-1.100	19.020	-10.540	-4656.000	-4216.000
2012	11	22	19	2	1	327	290.0	-144.0	16.11	-13.83	55.06	307.49	-52.51	1.700	-1.100	14.410	-12.730	-5532.000	-5092.000
2012	11	22	19	2	1	327	290.0	-152.0	19.67	-11.33	55.06	307.50	-52.50	1.710	-1.100	17.960	-10.230	-4532.000	-4092.000
2012	11	22	19	2	1	327	290.0	-160.0	16.94	-13.37	55.06	307.50	-52.50	1.710	-1.100	15.230	-12.270	-5348.000	-4908.000
2012	11	22	19	2	1	327	290.0	-168.0	14.75	-12.85	55.06	307.49	-52.51	1.700	-1.100	13.050	-11.750	-5140.000	-4700.000
2012	11	22	19	2	1	327	290.0	-176.0	12.60	-11.53	55.06	307.49	-52.51	1.700	-1.100	10.900	-10.430	-4612.000	-4172.000
2012	11	22	19	2	1	327	290.0	-184.0	13.34	-12.86	55.07	307.50	-52.50	1.680	-1.100	11.660	-11.760	-5144.000	-4704.000
2012	11	22	19	2	1	327	290.0	-192.0	16.28	-11.21	55.06	307.50	-52.50	1.710	-1.100	14.570	-10.110	-4484.000	-4044.000
2012	11	22	19	2	1	327	290.0	-200.0	15.41	-14.78	55.07	307.50	-52.50	1.680	-1.100	13.730	-13.680	-5912.000	-5472.000
2012	11	22	19	2	1	327	290.0	-208.0	19.90	-10.56	55.06	307.50	-52.50	1.710	-1.100	18.190	-9.460	-4224.000	-3784.000
2012	11	22	19	2	1	327	290.0	-216.0	16.59	-9.24	55.06	307.50	-52.50	1.710	-1.100	14.880	-8.140	-3696.000	-3256.000
2012	11	22	19	2	1	327	290.0	-224.0	15.72	-7.50	55.06	307.50	-52.50	1.710	-1.100	14.010	-6.400	-3000.000	-2560.000
2012	11	22	19	2	1	327	290.0	-232.0	19.42	-7.56	55.06	307.50	-52.50	1.710	-1.100	17.710	-6.460	-3024.000	-2584.000
2012	11	22	19	2	1	327	290.0	-240.0	17.14	-9.61	55.06	307.50	-52.50	1.710	-1.100	15.430	-8.510	-3844.000	-3404.000
2012	11	22	19	2	1	327	290.0	-248.0	16.39	-9.31	55.06	307.50	-52.50	1.710	-1.100	14.680	-8.210	-3724.000	-3284.000
2012	11	22	19	2	1	327	290.0	-256.0	17.34	-12.06	55.06	307.50	-52.50	1.710	-1.100	15.630	-10.960	-4824.000	-4384.000
2012	11	22	19	2	1	327	290.0	-264.0	19.51	-10.81	55.06	307.49	-52.51	1.700	-1.100	17.810	-9.710	-4324.000	-3884.000
2012	11	22	19	2	1	327	290.0	-272.0	17.92	-11.34	55.06	307.50	-52.50	1.710	-1.100	16.210	-10.240	-4536.000	-4096.000
2012	11	22	19	2	1	327	290.0	-280.0	20.01	-9.54	55.06	307.50	-52.50	1.710	-1.100	18.300	-8.440	-3816.000	-3376.000
2012	11	22	19	2	1	327	290.0	-288.0	20.54	-11.85	55.06	307.50	-52.50	1.710	-1.100	18.830	-10.750	-4740.000	-4300.000
2012	11	22	19	2	1	327	290.0	-296.0	18.06	-8.74	55.06	307.50	-52.50	1.710	-1.100	16.350	-7.640	-3496.000	-3056.000
2012	11	22	19	2	1	327	290.0	-304.0	18.61	-9.32	55.06	307.50	-52.50	1.710	-1.100	16.900	-8.220	-3728.000	-3288.000
2012	11	22	19	2	1	327	290.0	-312.0	19.25	-10.93	55.06	307.50	-52.50	1.710	-1.100	17.540	-9.830	-4372.000	-3932.000
2012	11	22	19	2	1	327	290.0	-320.0	25.23	-16.21	55.07	307.50	-52.50	1.680	-1.100	23.550	-15.110	-6484.000	-6044.000
2012	11	22	19	2	1	327	290.0	-328.0	20.66	-13.46	55.07	307.50	-52.50	1.680	-1.100	18.980	-12.360	-5384.000	-4944.000
2012	11	22	19	2	1	327	290.0	-336.0	22.11	-11.64	55.07	307.50	-52.50	1.680	-1.100	20.430	-10.540	-4656.000	-4216.000
2012	11	22	19	2	1	327	290.0	-344.0	18.08	-10.61	55.06	307.50	-52.50	1.710	-1.100	16.370	-9.510	-4244.000	-3804.000
2012	11	22	19	2	1	327	290.0	-352.0	13.27	-15.15	55.06	307.49	-52.51	1.700	-1.100	11.570	-14.050	-6060.000	-5620.000
2012	11	22	19	2	1	327	290.0	-360.0	17.33	-12.39	55.06	307.49	-52.51	1.700	-1.100	15.630	-11.290	-4956.000	-4516.000
2012	11	22	19	2	1	327	290.0	-368.0	20.79	-11.03	55.06	307.49	-52.51	1.700	-1.100	19.090	-9.930	-4412.000	-3972.000
2012	11	22	19	2	1	327	290.0	-376.0	20.55	-14.21	55.06	307.49	-52.51	1.700	-1.100	18.850	-13.110	-5684.000	-5244.000
2012	11	22	19	2	1	327	290.0	-384.0	21.34	-13.13	55.07	307.50	-52.50	1.680	-1.100	19.660	-12.030	-5252.000	-4812.000
2012	11	22	19	2	1	327	290.0	-392.0	16.76	-11.98	55.07	307.50	-52.50	1.680	-1.100	15.080	-10.880	-4792.000	-4352.000
2012	11	22	19	2	1	327	290.0	-400.0	17.46	-12.83	55.07	307.50	-52.50	1.680	-1.100	15.780	-11.730	-5132.000	-4692.000
2012	11	22	19	2	1	327	290.0	-408.0	15.86	-9.72	55.07	307.50	-52.50	1.680	-1.100	14.180	-8.620	-3888.000	-3448.000
2012	11	22	19	2	1	327	290.0	-416.0	16.56	-15.55	55.07	307.50	-52.50	1.680	-1.100	14.880	-14.450	-6220.000	-5780.000
2012	11	22	19	2	1	327	290.0	-424.0	15.83	-15.32	55.07	307.50	-52.50	1.680	-1.100	14.150	-14.220	-6128.000	-5688.000
2012	11	22	19	2	1	327	290.0	-432.0	19.76	-13.68	55.07	307.50	-52.50	1.680	-1.100	18.080	-12.580	-5472.000	-5032.000
2012	11	22	19	2	1	327	290.0	-440.0	21.83	-13.42	55.07	307.50	-52.50	1.680	-1.100	20.150	-12.320	-5368.000	-4928.000
2012	11	22	19	2	1	327	290.0	-448.0	23.66	-17.02	55.07	307.50	-52.50	1.680	-1.100	21.980	-15.920	-6808.000	-6368.000
2012	11	22	19	2	1	327	290.0	-456.0	24.09	-15.45	55.07	307.50	-52.50	1.680	-1.100	22.410	-14.350	-6180.000	-5740.000
2012	11	22	19	2	1	327	290.0	-464.0	18.74	-12.16	55.07	307.50	-52.50	1.680	-1.100	17.060	-11.060	-4864.000	-4424.000
2012	11	22	19	2	1	327	290.0	-472.0	22.33	-18.35	55.07	307.50	-52.50	1.680	-1.100	20.650	-17.250	-7340.000	-6900.000
2012	11	22	19	2	1	327	290.0	-480.0	28.04	-13.71	55.07	307.50	-52.50	1.680	-1.100	26.360	-12.610	-5484.000	-5044.000
2012	11	22	19	2	1	327	290.0	-488.0	22.29	-13.56	55.07	307.50	-52.50	1.680	-1.100	20.610	-12.460	-5424.000	-4984.000
2012	11	22	19	2	1	327	290.0	-496.0	18.63	-13.78	55.07	307.50	-52.50	1.680	-1.100	16.950	-12.680	-5512.000	-5072.000
2012	11	22	19	2	1	327	290.0	-504.0	17.74	-15.11	55.07	307.50	-52.50	1.680	-1.100	16.060	-14.010	-6044.000	-5604.000
2012	11	22	19	2	1	327	290.0	-512.0	19.79	-10.85	55.07	307.50	-52.50	1.680	-1.100	18.110	-9.750	-4340.000	-3900.000
2012	11	22	19	2	1	327	290.0	-520.0	18.26	-13.38	55.07	307.50	-52.50	1.680	-1.100	16.580	-12.280	-5352.000	-4912.000
2012	11	22	19	2	1	327	290.0	-528.0	19.69	-15.12	55.07	307.50	-52.50	1.680	-1.100	18.010	-14.020	-6048.000	-5608.000
2012	11	22	19	2	1	327	290.0	-536.0	20.49	-16.08	55.07	307.50	-52.50	1.680	-1.100	18.810	-14.980	-6432.000	-5992.000
2012	11	22	19	2	1	327	290.0	-544.0	23.03	-13.32	55.07	307.50	-52.50	1.680	-1.100	21.350	-12.220	-5328.000	-4888.000
2012	11	22	19	2	1	327	290.0	-552.0	22.63	-14.02	55.07	307.50	-52.50	1.680	-1.100	20.950	-12.920	-5608.000	-5168.000
2012	11	22	19	2	1	327	290.0	-560.0	25.94	-8.66	55.07	307.50	-52.50	1.680	-1.100	24.260	-7.560	-3464.000	-3024.000
2012	11	22	19	2	1	327	290.0	-568.0	19.09	-10.32	55.07	307.50	-52.50	1.680	-1.100	17.410	-9.220	-4128.000	-3688.000
2012	11	22	19	2	1	327	290.0	-576.0	20.09	-12.22	55.07	307.50	-52.50	1.680	-1.100	18.410	-11.120	-4888.000	-4448.000
2012	11	22	19	2	1	327	290.0	-584.0	22.14	-13.61	55.07	307.50	-52.50	1.680	-1.100	20.460	-12.510	-5444.000	-5004.000
2012	11	22	19	2	1	327	290.0	-592.0	21.94	-16.56	55.07	307.50	-52.50	1.680	-1.100	20.260	-15.460	-6624.000	-6184.000
2012	11	22	19	2	1	327	290.0	-600.0	21.73	-9.58	55.07	307.50	-52.50	1.680	-1.100	20.050	-8.480	-3832.000	-3392.000
2012	11	22	19	2	1	327	290.0	-608.0	16.53	-14.88	55.07	307.50	-52.50	1.680	-1.100	14.850	-13.780	-5952.000	-5512.000
2012	11	22	19	2	1	327	290.0	-616.0	18.53	-16.28	55.07	307.50	-52.50	1.680	-1.100	16.850	-15.180	-6512.000	-6072.000
2012	11	22	19	2	1	327	290.0	-624.0	21.83	-16.28	55.07	307.50	-52.50	1.680	-1.100	20.150	-15.180	-6512.000	-6072.000
2012	11	22	19	53	1	327	295.0	-32.0	32.44	-13.22	55.07	307.54	-52.46	2.530	-2.020	29.910	-11.200	-5288.000	-4480.000
2012	11	22	19	53	1	327	295.0	-40.0	33.15	-14.85	55.07	307.53	-52.47	2.520	-2.020	30.630	-12.830	-5940.000	-5132.000
2012	11	22	19	53	1	327	295.0	-48.0	35.21	-13.06	55.07	307.53	-52.47	2.520	-2.020	32.690	-11.040	-5224.000	-4416.000
2012	11	22	19	53	1	327	295.0	-56.0	35.05	-14.98	55.07	307.53	-52.47	2.520	-2.020	32.530	-12.960	-5992.000	-5184.000
2012	11	22	19	53	1	327	295.0	-64.0	33.42	-15.55	55.07	307.53	-52.47	2.520	-2.020	30.900	-13.530	-6220.000	-5412.000
2012	11	22	19	53	1	327	295.0	-72.0	31.20	-17.24	55.07	307.53	-52.47	2.520	-2.020	28.680	-15.220	-6896.000	-6088.000
2012	11	22	19	53	1	327	295.0	-80.0	30.18	-17.75	55.07	307.53	-52.47	2.520	-2.020	27.660	-15.730	-7100.000	-6292.000
2012	11	22	19	53	1	327	295.0	-88.0	31.00	-16.07	55.07	307.53	-52.47	2.520	-2.020	28.480	-14.050	-6428.000	-5620.000
2012	11	22	19	53	1	327	295.0	-96.0	31.55	-16.02	55.07	307.53	-52.47	2.520	-2.020	29.030	-14.000	-6408.000	-5600.000
2012	11	22	19	53	1	327	295.0	-104.0	29.24	-14.25	55.07	307.53	-52.47	2.520	-2.020	26.720	-12.230	-5700.000	-4892.000
2012	11	22	19	53	1	327	295.0	-112.0	28.97	-13.88	55.07	307.53	-52.47	2.520	-2.020	26.450	-11.860	-5552.000	-4744.000
2012	11	22	19	53	1	327	295.0	-120.0	25.09	-12.74	55.07	307.53	-52.47	2.520	-2.020	22.570	-10.720	-5096.000	-4288.000
2012	11	22	19	53	1	327	295.0	-128.0	20.18	-13.58	55.07	307.53	-52.47	2.520	-2.020	17.660	-11.560	-5432.000	-4624.000
2012	11	22	19	53	1	327	295.0	-136.0	19.03	-10.24	55.07	307.53	-52.47	2.520	-2.020	16.510	-8.220	-4096.000	-3288.000
2012	11	22	19	53	1	327	295.0	-144.0	18.16	-15.26	55.07	307.53	-52.47	2.520	-2.020	15.640	-13.240	-6104.000	-5296.000
2012	11	22	19	53	1	327	295.0	-152.0	21.79	-14.02	55.07	307.53	-52.47	2.520	-2.020	19.270	-12.000	-5608.000	-4800.000
2012	11	22	19	53	1	327	295.0	-160.0	22.59	-13.33	55.07	307.53	-52.47	2.520	-2.020	20.070	-11.310	-5332.000	-4524.000
2012	11	22	19	53	1	327	295.0	-168.0	21.43	-13.75	55.07	307.53	-52.47	2.520	-2.020	18.910	-11.730	-5500.000	-4692.000
2012	11	22	19	53	1	327	295.0	-176.0	18.68	-12.80	55.07	307.53	-52.47	2.520	-2.020	16.160	-10.780	-5120.000	-4312.000
2012	11	22	19	53	1	327	295.0	-184.0	20.90	-11.45	55.07	307.53	-52.47	2.520	-2.020	18.380	-9.430	-4580.000	-3772.000
2012	11	22	19	53	1	327	295.0	-192.0	20.43	-15.37	55.07	307.53	-52.47	2.520	-2.020	17.910	-13.350	-6148.000	-5340.000
2012	11	22	19	53	1	327	295.0	-200.0	19.97	-15.52	55.07	307.53	-52.47	2.520	-2.020	17.450	-13.500	-6208.000	-5400.000
2012	11	22	19	53	1	327	295.0	-208.0	19.94	-14.71	55.07	307.53	-52.47	2.520	-2.020	17.420	-12.690	-5884.000	-5076.000
2012	11	22	19	53	1	327	295.0	-216.0	18.18	-14.05	55.07	307.53	-52.47	2.520	-2.020	15.660	-12.030	-5620.000	-4812.000
2012	11	22	19	53	1	327	295.0	-224.0	20.38	-14.77	55.07	307.53	-52.47	2.520	-2.020	17.860	-12.750	-5908.000	-5100.000
2012	11	22	19	53	1	327	295.0	-232.0	19.57	-15.85	55.07	307.53	-52.47	2.520	-2.020	17.050	-13.830	-6340.000	-5532.000
2012	11	22	19	53	1	327	295.0	-240.0	19.18	-14.67	55.07	307.53	-52.47	2.520	-2.020	16.660	-12.650	-5868.000	-5060.000
2012	11	22	19	53	1	327	295.0	-248.0	19.96	-13.87	55.07	307.53	-52.47	2.520	-2.020	17.440	-11.850	-5548.000	-4740.000
2012	11	22	19	53	1	327	295.0	-256.0	18.78	-14.37	55.07	307.53	-52.47	2.520	-2.020	16.260	-12.350	-5748.000	-4940.000
2012	11	22	19	53	1	327	295.0	-264.0	21.39	-13.16	55.07	307.53	-52.47	2.520	-2.020	18.870	-11.140	-5264.000	-4456.000
2012	11	22	19	53	1	327	295.0	-272.0	21.48	-13.44	55.07	307.53	-52.47	2.520	-2.020	18.960	-11.420	-5376.000	-4568.000
2012	11	22	19	53	1	327	295.0	-280.0	20.41	-15.25	55.07	307.53	-52.47	2.520	-2.020	17.890	-13.230	-6100.000	-5292.000
2012	11	22	19	53	1	327	295.0	-288.0	20.56	-16.06	55.07	307.53	-52.47	2.520	-2.020	18.040	-14.040	-6424.000	-5616.000
2012	11	22	19	53	1	327	295.0	-296.0	21.18	-16.34	55.07	307.53	-52.47	2.520	-2.020	18.660	-14.320	-6536.000	-5728.000
2012	11	22	19	53	1	327	295.0	-304.0	18.08	-15.20	55.07	307.53	-52.47	2.520	-2.020	15.560	-13.180	-6080.000	-5272.000
2012	11	22	19	53	1	327	295.0	-312.0	19.21	-16.53	55.07	307.53	-52.47	2.520	-2.020	16.690	-14.510	-6612.000	-5804.000
2012	11	22	19	53	1	327	295.0	-320.0	18.68	-19.18	55.07	307.53	-52.47	2.520	-2.020	16.160	-17.160	-7672.000	-6864.000
2012	11	22	19	53	1	327	295.0	-328.0	21.08	-16.38	55.07	307.53	-52.47	2.520	-2.020	18.560	-14.360	-6552.000	-5744.000
2012	11	22	19	53	1	327	295.0	-336.0	22.98	-14.99	55.07	307.53	-52.47	2.520	-2.020	20.460	-12.970	-5996.000	-5188.000
2012	11	22	19	53	1	327	295.0	-344.0	22.08	-18.87	55.07	307.53	-52.47	2.520	-2.020	19.560	-16.850	-7548.000	-6740.000
2012	11	22	19	53	1	327	295.0	-352.0	21.93	-17.39	55.07	307.53	-52.47	2.520	-2.020	19.410	-15.370	-6956.000	-6148.000
2012	11	22	19	53	1	327	295.0	-360.0	19.93	-16.16	55.07	307.53	-52.47	2.520	-2.020	17.410	-14.140	-6464.000	-5656.000
2012	11	22	19	53	1	327	295.0	-368.0	20.68	-14.80	55.07	307.53	-52.47	2.520	-2.020	18.160	-12.780	-5920.000	-5112.000
2012	11	22	19	53	1	327	295.0	-376.0	22.85	-15.90	55.07	307.53	-52.47	2.520	-2.020	20.330	-13.880	-6360.000	-5552.000
2012	11	22	19	53	1	327	295.0	-384.0	20.27	-18.33	55.07	307.53	-52.47	2.520	-2.020	17.750	-16.310	-7332.000	-6524.000
2012	11	22	19	53	1	327	295.0	-392.0	17.69	-17.23	55.07	307.53	-52.47	2.520	-2.020	15.170	-15.210	-6892.000	-6084.000
2012	11	22	19	53	1	327	295.0	-400.0	19.30	-19.61	55.07	307.53	-52.47	2.520	-2.020	16.780	-17.590	-7844.000	-7036.000
2012	11	22	19	53	1	327	295.0	-408.0	18.15	-17.10	55.07	307.53	-52.47	2.520	-2.020	15.630	-15.080	-6840.000	-6032.000
2012	11	22	19	53	1	327	295.0	-416.0	24.09	-16.92	55.07	307.53	-52.47	2.520	-2.020	21.570	-14.900	-6768.000	-5960.000
2012	11	22	19	53	1	327	295.0	-424.0	18.47	-18.51	55.07	307.53	-52.47	2.520	-2.020	15.950	-16.490	-7404.000	-6596.000
2012	11	22	19	53	1	327	295.0	-432.0	18.83	-18.59	55.07	307.53	-52.47	2.520	-2.020	16.310	-16.570	-7436.000	-6628.000
2012	11	22	19	53	1	327	295.0	-440.0	18.88	-14.58	55.07	307.53	-52.47	2.520	-2.020	16.360	-12.560	-5832.000	-5024.000
2012	11	22	19	53	1	327	295.0	-448.0	20.24	-17.84	55.07	307.54	-52.46	2.530	-2.020	17.710	-15.820	-7136.000	-6328.000
2012	11	22	19	53	1	327	295.0	-456.0	18.72	-18.22	55.07	307.54	-52.46	2.530	-2.020	16.190	-16.200	-7288.000	-6480.000
2012	11	22	19	53	1	327	295.0	-464.0	16.95	-17.81	55.07	307.54	-52.46	2.530	-2.020	14.420	-15.790	-7124.000	-6316.000
2012	11	22	19	53	1	327	295.0	-472.0	18.30	-17.38	55.07	307.54	-52.46	2.530	-2.020	15.770	-15.360	-6952.000	-6144.000
2012	11	22	19	53	1	327	295.0	-480.0	16.33	-17.84	55.07	307.53	-52.47	2.520	-2.020	13.810	-15.820	-7136.000	-6328.000
2012	11	22	19	53	1	327	295.0	-488.0	16.81	-18.03	55.07	307.53	-52.47	2.520	-2.020	14.290	-16.010	-7212.000	-6404.000
2012	11	22	19	53	1	327	295.0	-496.0	17.89	-18.64	55.07	307.53	-52.47	2.520	-2.020	15.370	-16.620	-7456.000	-6648.000
2012	11	22	19	53	1	327	295.0	-504.0	19.84	-18.36	55.07	307.54	-52.46	2.530	-2.020	17.310	-16.340	-7344.000	-6536.000
2012	11	22	19	53	1	327	295.0	-512.0	18.52	-15.22	55.07	307.54	-52.46	2.530	-2.020	15.990	-13.200	-6088.000	-5280.000
2012	11	22	19	53	1	327	295.0	-520.0	19.74	-16.63	55.07	307.53	-52.47	2.520	-2.020	17.220	-14.610	-6652.000	-5844.000
2012	11	22	19	53	1	327	295.0	-528.0	17.30	-18.97	55.07	307.53	-52.47	2.520	-2.020	14.780	-16.950	-7588.000	-6780.000
2012	11	22	19	53	1	327	295.0	-536.0	17.45	-15.83	55.07	307.53	-52.47	2.520	-2.020	14.930	-13.810	-6332.000	-5524.000
2012	11	22	19	53	1	327	295.0	-544.0	18.89	-18.02	55.07	307.53	-52.47	2.520	-2.020	16.370	-16.000	-7208.000	-6400.000
2012	11	22	19	53	1	327	295.0	-552.0	17.90	-19.03	55.07	307.53	-52.47	2.520	-2.020	15.380	-17.010	-7612.000	-6804.000
2012	11	22	19	53	1	327	295.0	-560.0	17.44	-19.28	55.07	307.53	-52.47	2.520	-2.020	14.920	-17.260	-7712.000	-6904.000
2012	11	22	19	53	1	327	295.0	-568.0	18.96	-17.89	55.07	307.53	-52.47	2.520	-2.020	16.440	-15.870	-7156.000	-6348.000
2012	11	22	19	53	1	327	295.0	-576.0	14.95	-18.23	55.07	307.53	-52.47	2.520	-2.020	12.430	-16.210	-7292.000	-6484.000
2012	11	22	19	53	1	327	295.0	-584.0	15.92	-20.02	55.07	307.53	-52.47	2.520	-2.020	13.400	-18.000	-8008.000	-7200.000
2012	11	22	19	53	1	327	295.0	-592.0	15.11	-16.17	55.07	307.53	-52.47	2.520	-2.020	12.590	-14.150	-6468.000	-5660.000
2012	11	22	19	53	1	327	295.0	-600.0	15.91	-15.88	55.07	307.53	-52.47	2.520	-2.020	13.390	-13.860	-6352.000	-5544.000
2012	11	22	19	53	1	327	295.0	-608.0	15.34	-19.72	55.07	307.54	-52.46	2.530	-2.020	12.810	-17.700	-7888.000	-7080.000
2012	11	22	19	53	1	327	295.0	-616.0	14.20	-20.36	55.07	307.53	-52.47	2.520	-2.020	11.680	-18.340	-8144.000	-7336.000
2012	11	22	19	53	1	327	295.0	-624.0	19.65	-19.04	55.07	307.53	-52.47	2.520	-2.020	17.130	-17.020	-7616.000	-6808.000
