year	mon	day	hr	min	sec	deciday	distance(5Km_bin)	depth(m)	U_Vel(cm/s)	V_Vel(cm/s)	Latitude	Longitude(360deg)	Longitude	U_Tide(cm/s)	V_Tide(cm/s)	U_Vel-U_Tide(cm/s)	V_Vel-V_Tide(cm/s)	Vol_Transport_V_Raw(m^3/s)	Vol_Transport_V_Raw-V_Tide(m^3/s)
2015	11	30	22	52	1	334	5.0	-32.0	9.16	-15.83	53.24	304.36	-55.64	-0.530	6.200	9.690	-22.030	-6332.000	-8812.000
2015	11	30	22	52	1	334	5.0	-40.0	5.96	-9.09	53.24	304.36	-55.64	-0.530	6.200	6.490	-15.290	-3636.000	-6116.000
2015	11	30	22	52	1	334	5.0	-48.0	4.41	1.27	53.24	304.36	-55.64	-0.530	6.200	4.940	-4.930	508.000	-1972.000
2015	11	30	22	52	1	334	5.0	-56.0	7.70	11.72	53.24	304.37	-55.63	-0.610	6.140	8.310	5.580	4688.000	2232.000
2015	11	30	22	52	1	334	5.0	-64.0	5.76	17.86	53.24	304.37	-55.63	-0.610	6.140	6.370	11.720	7144.000	4688.000
2015	11	30	22	52	1	334	5.0	-72.0	-4.61	10.35	53.25	304.38	-55.62	-0.640	6.060	-3.970	4.290	4140.000	1716.000
2015	11	30	22	52	1	334	5.0	-80.0	-6.34	13.62	53.25	304.38	-55.62	-0.640	6.060	-5.700	7.560	5448.000	3024.000
2015	11	30	22	52	1	334	5.0	-88.0	-6.72	11.32	53.25	304.39	-55.61	-0.750	6.010	-5.970	5.310	4528.000	2124.000
2015	11	30	22	52	1	334	5.0	-96.0	-7.67	14.42	53.25	304.39	-55.61	-0.750	6.010	-6.920	8.410	5768.000	3364.000
2015	11	30	22	52	1	334	5.0	-104.0	-5.47	13.57	53.25	304.39	-55.61	-0.750	6.010	-4.720	7.560	5428.000	3024.000
2015	11	30	22	52	1	334	5.0	-112.0	-4.51	6.25	53.26	304.40	-55.60	-0.850	5.980	-3.660	0.270	2500.000	108.000
2015	11	30	22	52	1	334	5.0	-120.0	-8.71	20.15	53.26	304.40	-55.60	-0.850	5.980	-7.860	14.170	8060.000	5668.000
2015	11	30	23	15	1	334	10.0	-32.0	4.61	-20.84	53.27	304.41	-55.59	-1.060	6.300	5.670	-27.140	-8336.000	-10856.000
2015	11	30	23	15	1	334	10.0	-40.0	14.71	-8.85	53.27	304.41	-55.59	-1.060	6.300	15.770	-15.150	-3540.000	-6060.000
2015	11	30	23	15	1	334	10.0	-48.0	11.31	-0.25	53.27	304.41	-55.59	-1.060	6.300	12.370	-6.550	-100.000	-2620.000
2015	11	30	23	15	1	334	10.0	-56.0	4.11	-6.55	53.27	304.41	-55.59	-1.060	6.300	5.170	-12.850	-2620.000	-5140.000
2015	11	30	23	15	1	334	10.0	-64.0	-5.09	-13.94	53.27	304.41	-55.59	-1.060	6.300	-4.030	-20.240	-5576.000	-8096.000
2015	11	30	23	15	1	334	10.0	-72.0	-9.99	-14.94	53.27	304.41	-55.59	-1.060	6.300	-8.930	-21.240	-5976.000	-8496.000
2015	11	30	23	15	1	334	10.0	-80.0	-13.49	-12.35	53.27	304.41	-55.59	-1.060	6.300	-12.430	-18.650	-4940.000	-7460.000
2015	11	30	23	15	1	334	10.0	-88.0	-15.89	-5.45	53.27	304.41	-55.59	-1.060	6.300	-14.830	-11.750	-2180.000	-4700.000
2015	11	30	23	15	1	334	10.0	-96.0	-12.69	3.36	53.27	304.41	-55.59	-1.060	6.300	-11.630	-2.940	1344.000	-1176.000
2015	11	30	23	15	1	334	10.0	-104.0	-1.79	5.16	53.27	304.41	-55.59	-1.060	6.300	-0.730	-1.140	2064.000	-456.000
2015	11	30	23	15	1	334	10.0	-112.0	-1.29	8.65	53.27	304.41	-55.59	-1.060	6.300	-0.230	2.350	3460.000	940.000
2015	11	30	23	15	1	334	10.0	-120.0	-2.79	8.45	53.27	304.41	-55.59	-1.060	6.300	-1.730	2.150	3380.000	860.000
2015	11	30	23	15	1	334	10.0	-128.0	3.91	14.45	53.27	304.41	-55.59	-1.060	6.300	4.970	8.150	5780.000	3260.000
2015	11	30	23	15	1	334	10.0	-136.0	-0.99	21.85	53.27	304.41	-55.59	-1.060	6.300	0.070	15.550	8740.000	6220.000
2015	11	30	23	15	1	334	10.0	-144.0	0.01	17.95	53.27	304.41	-55.59	-1.060	6.300	1.070	11.650	7180.000	4660.000
2015	11	30	23	15	1	334	10.0	-152.0	-1.39	17.25	53.27	304.41	-55.59	-1.060	6.300	-0.330	10.950	6900.000	4380.000
2015	12	2	1	53	1	336	20.0	-32.0	19.28	-43.12	53.34	304.52	-55.48	-1.330	5.150	20.610	-48.270	-17248.000	-19308.000
2015	12	2	1	53	1	336	20.0	-40.0	16.68	-39.15	53.34	304.52	-55.48	-1.330	5.150	18.010	-44.300	-15660.000	-17720.000
2015	12	2	1	53	1	336	20.0	-48.0	12.19	-36.10	53.34	304.53	-55.47	-1.280	4.970	13.470	-41.070	-14440.000	-16428.000
2015	12	2	1	53	1	336	20.0	-56.0	8.02	-35.29	53.34	304.53	-55.47	-1.280	4.970	9.300	-40.260	-14116.000	-16104.000
2015	12	2	1	53	1	336	20.0	-64.0	7.64	-31.62	53.34	304.53	-55.47	-1.280	4.970	8.920	-36.590	-12648.000	-14636.000
2015	12	2	1	53	1	336	20.0	-72.0	7.24	-29.57	53.34	304.53	-55.47	-1.280	4.970	8.520	-34.540	-11828.000	-13816.000
2015	12	2	1	53	1	336	20.0	-80.0	7.04	-29.17	53.34	304.53	-55.47	-1.280	4.970	8.320	-34.140	-11668.000	-13656.000
2015	12	2	1	53	1	336	20.0	-88.0	4.28	-29.72	53.34	304.53	-55.47	-1.280	4.970	5.560	-34.690	-11888.000	-13876.000
2015	12	2	1	53	1	336	20.0	-96.0	7.73	-27.25	53.34	304.53	-55.47	-1.280	4.970	9.010	-32.220	-10900.000	-12888.000
2015	12	2	1	53	1	336	20.0	-104.0	9.04	-26.57	53.34	304.53	-55.47	-1.280	4.970	10.320	-31.540	-10628.000	-12616.000
2015	12	2	1	53	1	336	20.0	-112.0	8.07	-22.28	53.35	304.55	-55.45	-1.160	4.760	9.230	-27.040	-8912.000	-10816.000
2015	12	2	2	44	1	336	25.0	-40.0	21.22	-13.76	53.38	304.59	-55.41	0.110	2.930	21.110	-16.690	-5504.000	-6676.000
2015	12	2	2	44	1	336	25.0	-48.0	5.31	-14.74	53.38	304.58	-55.42	0.120	2.930	5.190	-17.670	-5896.000	-7068.000
2015	12	2	2	44	1	336	25.0	-56.0	4.62	-19.35	53.39	304.59	-55.41	0.220	2.930	4.400	-22.280	-7740.000	-8912.000
2015	12	2	2	44	1	336	25.0	-64.0	3.20	-22.32	53.38	304.58	-55.42	0.120	2.930	3.080	-25.250	-8928.000	-10100.000
2015	12	2	2	44	1	336	25.0	-72.0	0.63	-19.00	53.38	304.58	-55.42	0.120	2.930	0.510	-21.930	-7600.000	-8772.000
2015	12	2	2	44	1	336	25.0	-80.0	4.13	-18.62	53.38	304.58	-55.42	0.120	2.930	4.010	-21.550	-7448.000	-8620.000
2015	12	2	2	44	1	336	25.0	-88.0	3.37	-20.79	53.38	304.58	-55.42	0.120	2.930	3.250	-23.720	-8316.000	-9488.000
2015	12	2	2	44	1	336	25.0	-96.0	5.60	-26.89	53.38	304.58	-55.42	0.120	2.930	5.480	-29.820	-10756.000	-11928.000
2015	12	2	2	44	1	336	25.0	-104.0	6.02	-25.69	53.38	304.58	-55.42	0.120	2.930	5.900	-28.620	-10276.000	-11448.000
2015	12	2	2	44	1	336	25.0	-112.0	7.21	-23.73	53.39	304.59	-55.41	0.220	2.930	6.990	-26.660	-9492.000	-10664.000
2015	12	2	2	44	1	336	25.0	-120.0	5.22	-23.95	53.39	304.59	-55.41	0.220	2.930	5.000	-26.880	-9580.000	-10752.000
2015	12	2	2	44	1	336	25.0	-128.0	-1.01	-32.23	53.40	304.60	-55.40	0.330	2.930	-1.340	-35.160	-12892.000	-14064.000
2015	12	2	3	34	1	336	30.0	-32.0	21.71	-16.26	53.41	304.64	-55.36	1.670	0.600	20.040	-16.860	-6504.000	-6744.000
2015	12	2	3	34	1	336	30.0	-40.0	16.10	-15.15	53.41	304.63	-55.37	1.660	0.590	14.440	-15.740	-6060.000	-6296.000
2015	12	2	3	34	1	336	30.0	-48.0	15.85	-28.03	53.41	304.63	-55.37	1.660	0.590	14.190	-28.620	-11212.000	-11448.000
2015	12	2	3	34	1	336	30.0	-56.0	9.90	-28.61	53.41	304.64	-55.36	1.670	0.600	8.230	-29.210	-11444.000	-11684.000
2015	12	2	3	34	1	336	30.0	-64.0	7.24	-28.37	53.41	304.64	-55.36	1.670	0.600	5.570	-28.970	-11348.000	-11588.000
2015	12	2	3	34	1	336	30.0	-72.0	9.20	-29.70	53.41	304.64	-55.36	1.670	0.600	7.530	-30.300	-11880.000	-12120.000
2015	12	2	3	34	1	336	30.0	-80.0	10.18	-27.84	53.41	304.64	-55.36	1.670	0.600	8.510	-28.440	-11136.000	-11376.000
2015	12	2	3	34	1	336	30.0	-88.0	9.03	-27.17	53.41	304.63	-55.37	1.660	0.590	7.370	-27.760	-10868.000	-11104.000
2015	12	2	3	34	1	336	30.0	-96.0	7.64	-27.78	53.41	304.63	-55.37	1.660	0.590	5.980	-28.370	-11112.000	-11348.000
2015	12	2	3	34	1	336	30.0	-104.0	5.23	-28.11	53.41	304.63	-55.37	1.660	0.590	3.570	-28.700	-11244.000	-11480.000
2015	12	2	3	34	1	336	30.0	-112.0	2.41	-25.82	53.41	304.63	-55.37	1.660	0.590	0.750	-26.410	-10328.000	-10564.000
2015	12	2	3	34	1	336	30.0	-120.0	1.72	-25.86	53.41	304.63	-55.37	1.660	0.590	0.060	-26.450	-10344.000	-10580.000
2015	12	2	3	34	1	336	30.0	-128.0	0.50	-22.14	53.41	304.63	-55.37	1.660	0.590	-1.160	-22.730	-8856.000	-9092.000
2015	12	2	3	34	1	336	30.0	-136.0	-0.73	-23.03	53.41	304.64	-55.36	1.670	0.600	-2.400	-23.630	-9212.000	-9452.000
2015	12	2	4	10	1	336	35.0	-32.0	32.56	-43.16	53.43	304.68	-55.32	2.610	-1.080	29.950	-42.080	-17264.000	-16832.000
2015	12	2	4	10	1	336	35.0	-40.0	24.66	-43.86	53.43	304.68	-55.32	2.610	-1.080	22.050	-42.780	-17544.000	-17112.000
2015	12	2	4	10	1	336	35.0	-48.0	6.66	-39.86	53.43	304.68	-55.32	2.610	-1.080	4.050	-38.780	-15944.000	-15512.000
2015	12	2	4	10	1	336	35.0	-56.0	7.56	-33.46	53.43	304.68	-55.32	2.610	-1.080	4.950	-32.380	-13384.000	-12952.000
2015	12	2	4	10	1	336	35.0	-64.0	8.56	-34.26	53.43	304.68	-55.32	2.610	-1.080	5.950	-33.180	-13704.000	-13272.000
2015	12	2	4	10	1	336	35.0	-72.0	8.46	-31.76	53.43	304.68	-55.32	2.610	-1.080	5.850	-30.680	-12704.000	-12272.000
2015	12	2	4	10	1	336	35.0	-80.0	0.66	-30.36	53.43	304.68	-55.32	2.610	-1.080	-1.950	-29.280	-12144.000	-11712.000
2015	12	2	4	10	1	336	35.0	-88.0	1.66	-32.66	53.43	304.68	-55.32	2.610	-1.080	-0.950	-31.580	-13064.000	-12632.000
2015	12	2	4	10	1	336	35.0	-96.0	5.96	-31.86	53.43	304.68	-55.32	2.610	-1.080	3.350	-30.780	-12744.000	-12312.000
2015	12	2	4	10	1	336	35.0	-104.0	5.26	-28.86	53.43	304.68	-55.32	2.610	-1.080	2.650	-27.780	-11544.000	-11112.000
2015	12	2	4	10	1	336	35.0	-112.0	-2.74	-25.36	53.43	304.68	-55.32	2.610	-1.080	-5.350	-24.280	-10144.000	-9712.000
2015	12	2	4	10	1	336	35.0	-120.0	-1.04	-25.46	53.43	304.68	-55.32	2.610	-1.080	-3.650	-24.380	-10184.000	-9752.000
2015	12	2	4	10	1	336	35.0	-128.0	0.26	-27.56	53.43	304.68	-55.32	2.610	-1.080	-2.350	-26.480	-11024.000	-10592.000
2015	12	2	4	10	1	336	35.0	-136.0	-7.74	-14.46	53.43	304.68	-55.32	2.610	-1.080	-10.350	-13.380	-5784.000	-5352.000
2015	12	2	4	25	1	336	40.0	-56.0	12.37	-23.03	53.47	304.74	-55.26	3.080	-1.570	9.290	-21.460	-9212.000	-8584.000
2015	12	2	4	25	1	336	40.0	-64.0	-1.13	-27.83	53.47	304.74	-55.26	3.080	-1.570	-4.210	-26.260	-11132.000	-10504.000
2015	12	2	4	25	1	336	40.0	-72.0	-7.03	-21.43	53.47	304.74	-55.26	3.080	-1.570	-10.110	-19.860	-8572.000	-7944.000
2015	12	2	4	25	1	336	40.0	-80.0	-4.33	-20.63	53.47	304.74	-55.26	3.080	-1.570	-7.410	-19.060	-8252.000	-7624.000
2015	12	2	4	25	1	336	40.0	-88.0	-2.53	-25.93	53.47	304.74	-55.26	3.080	-1.570	-5.610	-24.360	-10372.000	-9744.000
2015	12	2	4	25	1	336	40.0	-96.0	-5.23	-20.93	53.47	304.74	-55.26	3.080	-1.570	-8.310	-19.360	-8372.000	-7744.000
2015	12	2	4	25	1	336	40.0	-104.0	-2.43	-18.33	53.47	304.74	-55.26	3.080	-1.570	-5.510	-16.760	-7332.000	-6704.000
2015	12	2	4	25	1	336	40.0	-112.0	-5.43	-28.23	53.47	304.74	-55.26	3.080	-1.570	-8.510	-26.660	-11292.000	-10664.000
2015	12	2	4	25	1	336	40.0	-120.0	0.47	-27.23	53.47	304.74	-55.26	3.080	-1.570	-2.610	-25.660	-10892.000	-10264.000
2015	12	2	4	25	1	336	40.0	-128.0	1.67	-26.43	53.47	304.74	-55.26	3.080	-1.570	-1.410	-24.860	-10572.000	-9944.000
2015	12	2	4	25	1	336	40.0	-136.0	6.77	-26.53	53.47	304.74	-55.26	3.080	-1.570	3.690	-24.960	-10612.000	-9984.000
2015	12	2	4	25	1	336	40.0	-144.0	-1.93	-29.03	53.47	304.74	-55.26	3.080	-1.570	-5.010	-27.460	-11612.000	-10984.000
2015	12	2	4	25	1	336	40.0	-152.0	4.37	-36.43	53.47	304.74	-55.26	3.080	-1.570	1.290	-34.860	-14572.000	-13944.000
2015	12	2	4	38	1	336	45.0	-56.0	12.14	-23.56	53.51	304.80	-55.20	3.370	-1.820	8.770	-21.740	-9424.000	-8696.000
2015	12	2	4	38	1	336	45.0	-64.0	2.61	-21.95	53.50	304.79	-55.21	3.370	-1.900	-0.760	-20.050	-8780.000	-8020.000
2015	12	2	4	38	1	336	45.0	-72.0	2.04	-27.66	53.51	304.80	-55.20	3.370	-1.820	-1.330	-25.840	-11064.000	-10336.000
2015	12	2	4	38	1	336	45.0	-80.0	-1.86	-26.79	53.51	304.80	-55.20	3.370	-1.820	-5.230	-24.970	-10716.000	-9988.000
2015	12	2	4	38	1	336	45.0	-88.0	-0.54	-26.85	53.50	304.79	-55.21	3.370	-1.900	-3.910	-24.950	-10740.000	-9980.000
2015	12	2	4	38	1	336	45.0	-96.0	-7.24	-24.45	53.50	304.79	-55.21	3.370	-1.900	-10.610	-22.550	-9780.000	-9020.000
2015	12	2	4	38	1	336	45.0	-104.0	-13.19	-19.40	53.50	304.79	-55.21	3.370	-1.900	-16.560	-17.500	-7760.000	-7000.000
2015	12	2	4	38	1	336	45.0	-112.0	-6.04	-19.10	53.50	304.79	-55.21	3.370	-1.900	-9.410	-17.200	-7640.000	-6880.000
2015	12	2	4	38	1	336	45.0	-120.0	-2.79	-15.15	53.50	304.79	-55.21	3.370	-1.900	-6.160	-13.250	-6060.000	-5300.000
2015	12	2	4	38	1	336	45.0	-128.0	-7.94	-24.60	53.50	304.79	-55.21	3.370	-1.900	-11.310	-22.700	-9840.000	-9080.000
2015	12	2	4	38	1	336	45.0	-136.0	-6.44	-22.35	53.50	304.79	-55.21	3.370	-1.900	-9.810	-20.450	-8940.000	-8180.000
2015	12	2	4	38	1	336	45.0	-144.0	-1.04	-23.70	53.50	304.79	-55.21	3.370	-1.900	-4.410	-21.800	-9480.000	-8720.000
2015	12	2	4	38	1	336	45.0	-152.0	-5.66	-27.76	53.51	304.80	-55.20	3.370	-1.820	-9.030	-25.940	-11104.000	-10376.000
2015	12	2	4	38	1	336	45.0	-160.0	-6.49	-28.70	53.50	304.79	-55.21	3.370	-1.900	-9.860	-26.800	-11480.000	-10720.000
2015	12	2	4	38	1	336	45.0	-168.0	-5.86	-31.56	53.51	304.80	-55.20	3.370	-1.820	-9.230	-29.740	-12624.000	-11896.000
2015	12	2	5	21	1	336	50.0	-32.0	23.12	-25.66	53.53	304.86	-55.14	4.050	-3.240	19.070	-22.420	-10264.000	-8968.000
2015	12	2	5	21	1	336	50.0	-40.0	16.43	-27.30	53.53	304.86	-55.14	4.050	-3.240	12.380	-24.060	-10920.000	-9624.000
2015	12	2	5	21	1	336	50.0	-48.0	18.20	-27.60	53.53	304.86	-55.14	4.050	-3.240	14.150	-24.360	-11040.000	-9744.000
2015	12	2	5	21	1	336	50.0	-56.0	15.20	-31.24	53.53	304.86	-55.14	4.050	-3.240	11.150	-28.000	-12496.000	-11200.000
2015	12	2	5	21	1	336	50.0	-64.0	8.26	-30.64	53.53	304.86	-55.14	4.050	-3.240	4.210	-27.400	-12256.000	-10960.000
2015	12	2	5	21	1	336	50.0	-72.0	7.13	-28.60	53.53	304.86	-55.14	4.050	-3.240	3.080	-25.360	-11440.000	-10144.000
2015	12	2	5	21	1	336	50.0	-80.0	8.20	-29.22	53.53	304.86	-55.14	4.050	-3.240	4.150	-25.980	-11688.000	-10392.000
2015	12	2	5	21	1	336	50.0	-88.0	11.02	-27.25	53.53	304.86	-55.14	4.050	-3.240	6.970	-24.010	-10900.000	-9604.000
2015	12	2	5	21	1	336	50.0	-96.0	11.80	-31.45	53.53	304.86	-55.14	4.050	-3.240	7.750	-28.210	-12580.000	-11284.000
2015	12	2	5	21	1	336	50.0	-104.0	10.07	-29.74	53.53	304.86	-55.14	4.050	-3.240	6.020	-26.500	-11896.000	-10600.000
2015	12	2	5	21	1	336	50.0	-112.0	1.54	-30.87	53.53	304.86	-55.14	4.050	-3.240	-2.510	-27.630	-12348.000	-11052.000
2015	12	2	5	21	1	336	50.0	-120.0	0.08	-30.06	53.53	304.86	-55.14	4.050	-3.240	-3.970	-26.820	-12024.000	-10728.000
2015	12	2	5	21	1	336	50.0	-128.0	0.00	-32.41	53.53	304.86	-55.14	4.050	-3.240	-4.050	-29.170	-12964.000	-11668.000
2015	12	2	5	21	1	336	50.0	-136.0	1.46	-28.23	53.53	304.86	-55.14	4.050	-3.240	-2.590	-24.990	-11292.000	-9996.000
2015	12	2	5	21	1	336	50.0	-144.0	0.53	-34.24	53.53	304.86	-55.14	4.050	-3.240	-3.520	-31.000	-13696.000	-12400.000
2015	12	2	5	21	1	336	50.0	-152.0	1.02	-36.21	53.53	304.86	-55.14	4.050	-3.240	-3.030	-32.970	-14484.000	-13188.000
2015	12	2	5	21	1	336	50.0	-160.0	1.53	-36.24	53.53	304.86	-55.14	4.050	-3.240	-2.520	-33.000	-14496.000	-13200.000
2015	12	2	5	21	1	336	50.0	-168.0	6.18	-35.63	53.53	304.86	-55.14	4.050	-3.240	2.130	-32.390	-14252.000	-12956.000
2015	12	2	6	9	1	336	55.0	-64.0	5.31	-30.06	53.56	304.91	-55.09	4.470	-4.450	0.840	-25.610	-12024.000	-10244.000
2015	12	2	6	9	1	336	55.0	-72.0	0.95	-31.60	53.57	304.93	-55.07	4.560	-4.440	-3.610	-27.160	-12640.000	-10864.000
2015	12	2	6	9	1	336	55.0	-80.0	4.88	-34.63	53.57	304.92	-55.08	4.510	-4.420	0.370	-30.210	-13852.000	-12084.000
2015	12	2	6	9	1	336	55.0	-104.0	-3.35	-36.60	53.57	304.93	-55.07	4.560	-4.440	-7.910	-32.160	-14640.000	-12864.000
2015	12	2	6	9	1	336	55.0	-120.0	1.05	-34.50	53.57	304.93	-55.07	4.560	-4.440	-3.510	-30.060	-13800.000	-12024.000
2015	12	2	6	9	1	336	55.0	-128.0	-7.55	-34.50	53.57	304.93	-55.07	4.560	-4.440	-12.110	-30.060	-13800.000	-12024.000
2015	12	2	6	9	1	336	55.0	-144.0	-5.84	-23.70	53.57	304.93	-55.07	4.560	-4.440	-10.400	-19.260	-9480.000	-7704.000
2015	12	2	7	5	1	336	65.0	-48.0	1.71	-8.37	53.62	305.00	-55.00	4.110	-5.110	-2.400	-3.260	-3348.000	-1304.000
2015	12	2	7	5	1	336	65.0	-56.0	-13.61	-16.19	53.62	305.00	-55.00	4.110	-5.110	-17.720	-11.080	-6476.000	-4432.000
2015	12	2	7	5	1	336	65.0	-64.0	-10.28	-24.31	53.62	305.00	-55.00	4.110	-5.110	-14.390	-19.200	-9724.000	-7680.000
2015	12	2	7	5	1	336	65.0	-72.0	-14.69	-19.43	53.62	305.00	-55.00	4.110	-5.110	-18.800	-14.320	-7772.000	-5728.000
2015	12	2	7	5	1	336	65.0	-80.0	-18.24	-26.33	53.62	305.00	-55.00	4.110	-5.110	-22.350	-21.220	-10532.000	-8488.000
2015	12	2	7	5	1	336	65.0	-88.0	-12.61	-21.63	53.62	305.00	-55.00	4.110	-5.110	-16.720	-16.520	-8652.000	-6608.000
2015	12	2	7	5	1	336	65.0	-96.0	-13.04	-13.05	53.62	305.00	-55.00	4.110	-5.110	-17.150	-7.940	-5220.000	-3176.000
2015	12	2	7	5	1	336	65.0	-104.0	-12.66	-8.45	53.62	305.00	-55.00	4.110	-5.110	-16.770	-3.340	-3380.000	-1336.000
2015	12	2	7	5	1	336	65.0	-112.0	-9.16	-6.38	53.62	305.00	-55.00	4.110	-5.110	-13.270	-1.270	-2552.000	-508.000
2015	12	2	7	5	1	336	65.0	-120.0	-10.53	-10.57	53.62	305.00	-55.00	4.110	-5.110	-14.640	-5.460	-4228.000	-2184.000
2015	12	2	7	5	1	336	65.0	-128.0	3.25	-8.53	53.62	305.00	-55.00	4.110	-5.110	-0.860	-3.420	-3412.000	-1368.000
2015	12	2	7	5	1	336	65.0	-136.0	-11.83	-2.08	53.62	305.00	-55.00	4.110	-5.110	-15.940	3.030	-832.000	1212.000
2015	12	2	7	5	1	336	65.0	-144.0	-20.99	-3.08	53.62	305.00	-55.00	4.110	-5.110	-25.100	2.030	-1232.000	812.000
2015	12	2	7	5	1	336	65.0	-152.0	-28.40	-5.83	53.62	305.00	-55.00	4.110	-5.110	-32.510	-0.720	-2332.000	-288.000
2015	12	2	7	5	1	336	65.0	-160.0	-20.60	-0.78	53.62	305.00	-55.00	4.110	-5.110	-24.710	4.330	-312.000	1732.000
2015	12	2	7	5	1	336	65.0	-168.0	-16.69	-4.17	53.62	305.00	-55.00	4.110	-5.110	-20.800	0.940	-1668.000	376.000
2015	12	2	7	5	1	336	65.0	-176.0	-19.61	-7.88	53.62	305.00	-55.00	4.110	-5.110	-23.720	-2.770	-3152.000	-1108.000
2015	12	2	7	5	1	336	65.0	-184.0	-14.91	-6.98	53.62	305.00	-55.00	4.110	-5.110	-19.020	-1.870	-2792.000	-748.000
2015	12	2	7	5	1	336	65.0	-192.0	-17.39	-8.08	53.62	305.00	-55.00	4.110	-5.110	-21.500	-2.970	-3232.000	-1188.000
2015	12	2	7	5	1	336	65.0	-200.0	-16.95	-2.58	53.62	305.00	-55.00	4.110	-5.110	-21.060	2.530	-1032.000	1012.000
2015	12	2	7	5	1	336	65.0	-208.0	-17.50	-2.08	53.62	305.00	-55.00	4.110	-5.110	-21.610	3.030	-832.000	1212.000
2015	12	2	7	5	1	336	65.0	-216.0	-17.60	-1.53	53.62	305.00	-55.00	4.110	-5.110	-21.710	3.580	-612.000	1432.000
2015	12	2	7	5	1	336	65.0	-224.0	-17.45	-1.68	53.62	305.00	-55.00	4.110	-5.110	-21.560	3.430	-672.000	1372.000
2015	12	2	7	5	1	336	65.0	-232.0	-11.55	3.17	53.62	305.00	-55.00	4.110	-5.110	-15.660	8.280	1268.000	3312.000
2015	12	2	7	5	1	336	65.0	-240.0	-18.15	9.22	53.62	305.00	-55.00	4.110	-5.110	-22.260	14.330	3688.000	5732.000
2015	12	2	8	20	1	336	80.0	-64.0	-12.21	-2.09	53.73	305.15	-54.85	1.940	-6.000	-14.150	3.910	-836.000	1564.000
2015	12	2	8	20	1	336	80.0	-72.0	-21.81	2.31	53.73	305.15	-54.85	1.940	-6.000	-23.750	8.310	924.000	3324.000
2015	12	2	8	20	1	336	80.0	-80.0	-35.51	-3.29	53.73	305.15	-54.85	1.940	-6.000	-37.450	2.710	-1316.000	1084.000
2015	12	2	8	20	1	336	80.0	-88.0	-32.21	3.41	53.73	305.15	-54.85	1.940	-6.000	-34.150	9.410	1364.000	3764.000
2015	12	2	8	20	1	336	80.0	-96.0	-32.81	-4.59	53.73	305.15	-54.85	1.940	-6.000	-34.750	1.410	-1836.000	564.000
2015	12	2	8	20	1	336	80.0	-104.0	-32.31	-1.69	53.73	305.15	-54.85	1.940	-6.000	-34.250	4.310	-676.000	1724.000
2015	12	2	8	54	1	336	85.0	-40.0	-5.99	-3.14	53.76	305.22	-54.78	0.290	-5.490	-6.280	2.350	-1256.000	940.000
2015	12	2	8	54	1	336	85.0	-48.0	-2.49	-9.84	53.76	305.22	-54.78	0.290	-5.490	-2.780	-4.350	-3936.000	-1740.000
2015	12	2	8	54	1	336	85.0	-56.0	-1.89	-6.64	53.76	305.22	-54.78	0.290	-5.490	-2.180	-1.150	-2656.000	-460.000
2015	12	2	8	54	1	336	85.0	-64.0	-4.33	-10.00	53.76	305.22	-54.78	0.290	-5.490	-4.620	-4.510	-4000.000	-1804.000
2015	12	2	8	54	1	336	85.0	-72.0	-11.37	-8.72	53.76	305.22	-54.78	0.290	-5.490	-11.660	-3.230	-3488.000	-1292.000
2015	12	2	8	54	1	336	85.0	-80.0	-14.92	-5.25	53.75	305.21	-54.79	0.280	-5.430	-15.200	0.180	-2100.000	72.000
2015	12	2	8	54	1	336	85.0	-88.0	-14.29	-6.97	53.76	305.22	-54.78	0.290	-5.490	-14.580	-1.480	-2788.000	-592.000
2015	12	2	8	54	1	336	85.0	-96.0	-11.39	-12.13	53.76	305.22	-54.78	0.290	-5.490	-11.680	-6.640	-4852.000	-2656.000
2015	12	2	8	54	1	336	85.0	-104.0	-16.51	-11.70	53.76	305.22	-54.78	0.290	-5.490	-16.800	-6.210	-4680.000	-2484.000
2015	12	2	8	54	1	336	85.0	-112.0	-16.99	-13.78	53.76	305.22	-54.78	0.290	-5.490	-17.280	-8.290	-5512.000	-3316.000
2015	12	2	8	54	1	336	85.0	-120.0	-22.12	4.35	53.75	305.21	-54.79	0.280	-5.430	-22.400	9.780	1740.000	3912.000
2015	12	2	8	54	1	336	85.0	-128.0	-10.14	-4.18	53.76	305.22	-54.78	0.290	-5.490	-10.430	1.310	-1672.000	524.000
2015	12	2	8	54	1	336	85.0	-136.0	-7.44	-12.63	53.76	305.22	-54.78	0.290	-5.490	-7.730	-7.140	-5052.000	-2856.000
2015	12	2	9	45	1	336	90.0	-88.0	-7.06	-13.82	53.81	305.30	-54.70	-2.430	-4.100	-4.630	-9.720	-5528.000	-3888.000
2015	12	2	9	45	1	336	90.0	-104.0	-8.66	-16.82	53.81	305.30	-54.70	-2.430	-4.100	-6.230	-12.720	-6728.000	-5088.000
2015	12	2	9	45	1	336	90.0	-120.0	-6.46	-3.12	53.81	305.30	-54.70	-2.430	-4.100	-4.030	0.980	-1248.000	392.000
2015	12	2	9	45	1	336	90.0	-128.0	-7.86	-9.52	53.81	305.30	-54.70	-2.430	-4.100	-5.430	-5.420	-3808.000	-2168.000
2015	12	2	9	50	1	336	95.0	-72.0	-2.11	-10.28	53.82	305.32	-54.68	-2.720	-3.970	0.610	-6.310	-4112.000	-2524.000
2015	12	2	9	50	1	336	95.0	-80.0	-7.61	-18.39	53.82	305.32	-54.68	-2.720	-3.970	-4.890	-14.420	-7356.000	-5768.000
2015	12	2	9	50	1	336	95.0	-88.0	-5.01	-11.69	53.82	305.32	-54.68	-2.720	-3.970	-2.290	-7.720	-4676.000	-3088.000
2015	12	2	9	50	1	336	95.0	-96.0	-7.81	-5.18	53.82	305.32	-54.68	-2.720	-3.970	-5.090	-1.210	-2072.000	-484.000
2015	12	2	9	50	1	336	95.0	-104.0	-1.31	-2.98	53.82	305.32	-54.68	-2.720	-3.970	1.410	0.990	-1192.000	396.000
2015	12	2	9	50	1	336	95.0	-112.0	-7.91	-11.19	53.82	305.32	-54.68	-2.720	-3.970	-5.190	-7.220	-4476.000	-2888.000
2015	12	2	9	50	1	336	95.0	-120.0	-15.01	-7.28	53.82	305.32	-54.68	-2.720	-3.970	-12.290	-3.310	-2912.000	-1324.000
2015	12	2	9	50	1	336	95.0	-128.0	-12.41	-5.78	53.82	305.32	-54.68	-2.720	-3.970	-9.690	-1.810	-2312.000	-724.000
2015	12	2	9	50	1	336	95.0	-136.0	-8.11	2.52	53.82	305.32	-54.68	-2.720	-3.970	-5.390	6.490	1008.000	2596.000
2015	12	2	11	15	1	336	110.0	-32.0	1.19	2.65	53.92	305.50	-54.50	-6.410	-0.480	7.600	3.130	1060.000	1252.000
2015	12	2	11	15	1	336	110.0	-40.0	0.91	19.12	53.92	305.50	-54.50	-6.410	-0.480	7.320	19.600	7648.000	7840.000
2015	12	2	11	15	1	336	110.0	-48.0	-0.63	-1.79	53.92	305.50	-54.50	-6.410	-0.480	5.780	-1.310	-716.000	-524.000
2015	12	2	11	15	1	336	110.0	-56.0	-6.09	0.28	53.92	305.50	-54.50	-6.410	-0.480	0.320	0.760	112.000	304.000
2015	12	2	11	15	1	336	110.0	-64.0	-10.44	-0.35	53.92	305.50	-54.50	-6.410	-0.480	-4.030	0.130	-140.000	52.000
2015	12	2	11	15	1	336	110.0	-72.0	-12.82	-3.76	53.92	305.51	-54.49	-6.420	-0.500	-6.400	-3.260	-1504.000	-1304.000
2015	12	2	11	15	1	336	110.0	-80.0	-13.77	-0.49	53.92	305.51	-54.49	-6.420	-0.500	-7.350	0.010	-196.000	4.000
2015	12	2	11	15	1	336	110.0	-88.0	-11.19	-1.41	53.92	305.50	-54.50	-6.410	-0.480	-4.780	-0.930	-564.000	-372.000
2015	12	2	11	15	1	336	110.0	-96.0	-14.17	0.24	53.92	305.50	-54.50	-6.410	-0.480	-7.760	0.720	96.000	288.000
2015	12	2	11	15	1	336	110.0	-104.0	-16.32	3.21	53.92	305.50	-54.50	-6.410	-0.480	-9.910	3.690	1284.000	1476.000
2015	12	2	11	15	1	336	110.0	-112.0	-14.15	1.76	53.92	305.50	-54.50	-6.410	-0.480	-7.740	2.240	704.000	896.000
2015	12	2	11	15	1	336	110.0	-120.0	-14.25	-3.72	53.92	305.50	-54.50	-6.410	-0.480	-7.840	-3.240	-1488.000	-1296.000
2015	12	2	11	15	1	336	110.0	-128.0	-15.25	-6.56	53.92	305.50	-54.50	-6.410	-0.480	-8.840	-6.080	-2624.000	-2432.000
2015	12	2	11	15	1	336	110.0	-136.0	-14.38	-3.64	53.92	305.50	-54.50	-6.410	-0.480	-7.970	-3.160	-1456.000	-1264.000
2015	12	2	12	3	1	336	115.0	-64.0	-8.00	2.25	53.93	305.53	-54.47	-7.130	1.590	-0.870	0.660	900.000	264.000
2015	12	2	12	3	1	336	115.0	-72.0	-2.95	7.55	53.94	305.54	-54.46	-7.160	1.580	4.210	5.970	3020.000	2388.000
2015	12	2	12	3	1	336	115.0	-80.0	-16.56	-4.34	53.94	305.54	-54.46	-7.160	1.580	-9.400	-5.920	-1736.000	-2368.000
2015	12	2	12	3	1	336	115.0	-88.0	-11.06	10.15	53.94	305.54	-54.46	-7.160	1.580	-3.900	8.570	4060.000	3428.000
2015	12	2	12	3	1	336	115.0	-96.0	-6.63	13.10	53.94	305.53	-54.47	-7.150	1.600	0.520	11.500	5240.000	4600.000
2015	12	2	12	3	1	336	115.0	-104.0	-6.70	11.45	53.93	305.53	-54.47	-7.130	1.590	0.430	9.860	4580.000	3944.000
2015	12	2	12	3	1	336	115.0	-112.0	-10.83	10.00	53.94	305.53	-54.47	-7.150	1.600	-3.680	8.400	4000.000	3360.000
2015	12	2	12	3	1	336	115.0	-120.0	-19.06	-6.14	53.94	305.54	-54.46	-7.160	1.580	-11.900	-7.720	-2456.000	-3088.000
2015	12	2	12	3	1	336	115.0	-128.0	-12.33	-0.20	53.94	305.53	-54.47	-7.150	1.600	-5.180	-1.800	-80.000	-720.000
2015	12	2	12	3	1	336	115.0	-136.0	-19.53	3.50	53.94	305.53	-54.47	-7.150	1.600	-12.380	1.900	1400.000	760.000
2015	12	2	13	28	1	336	135.0	-32.0	18.24	11.70	54.08	305.79	-54.21	-6.570	4.390	24.810	7.310	4680.000	2924.000
2015	12	2	13	28	1	336	135.0	-40.0	12.89	7.18	54.08	305.79	-54.21	-6.570	4.390	19.460	2.790	2872.000	1116.000
2015	12	2	13	28	1	336	135.0	-48.0	14.25	5.50	54.08	305.79	-54.21	-6.570	4.390	20.820	1.110	2200.000	444.000
2015	12	2	13	28	1	336	135.0	-56.0	10.64	6.27	54.08	305.79	-54.21	-6.570	4.390	17.210	1.880	2508.000	752.000
2015	12	2	13	28	1	336	135.0	-64.0	8.04	0.75	54.08	305.79	-54.21	-6.570	4.390	14.610	-3.640	300.000	-1456.000
2015	12	2	13	28	1	336	135.0	-72.0	3.86	1.44	54.08	305.79	-54.21	-6.570	4.390	10.430	-2.950	576.000	-1180.000
2015	12	2	13	28	1	336	135.0	-80.0	0.66	-0.35	54.08	305.79	-54.21	-6.570	4.390	7.230	-4.740	-140.000	-1896.000
2015	12	2	13	28	1	336	135.0	-88.0	2.89	10.77	54.08	305.79	-54.21	-6.570	4.390	9.460	6.380	4308.000	2552.000
2015	12	2	13	28	1	336	135.0	-96.0	4.90	12.44	54.08	305.79	-54.21	-6.570	4.390	11.470	8.050	4976.000	3220.000
2015	12	2	13	28	1	336	135.0	-104.0	6.28	13.05	54.08	305.79	-54.21	-6.570	4.390	12.850	8.660	5220.000	3464.000
2015	12	2	13	28	1	336	135.0	-112.0	6.28	10.89	54.08	305.79	-54.21	-6.570	4.390	12.850	6.500	4356.000	2600.000
2015	12	2	13	28	1	336	135.0	-120.0	5.80	7.42	54.08	305.79	-54.21	-6.570	4.390	12.370	3.030	2968.000	1212.000
2015	12	2	13	28	1	336	135.0	-128.0	6.93	6.14	54.08	305.79	-54.21	-6.570	4.390	13.500	1.750	2456.000	700.000
2015	12	2	13	28	1	336	135.0	-136.0	5.87	1.29	54.08	305.79	-54.21	-6.570	4.390	12.440	-3.100	516.000	-1240.000
2015	12	2	13	28	1	336	135.0	-144.0	5.46	-6.78	54.08	305.79	-54.21	-6.570	4.390	12.030	-11.170	-2712.000	-4468.000
2015	12	2	13	28	1	336	135.0	-152.0	5.27	-6.77	54.08	305.78	-54.22	-6.540	4.400	11.810	-11.170	-2708.000	-4468.000
2015	12	2	14	10	1	336	140.0	-64.0	7.03	6.08	54.10	305.83	-54.17	-4.920	5.060	11.950	1.020	2432.000	408.000
2015	12	2	14	10	1	336	140.0	-72.0	11.97	-0.43	54.10	305.83	-54.17	-4.920	5.060	16.890	-5.490	-172.000	-2196.000
2015	12	2	14	10	1	336	140.0	-80.0	-1.23	5.77	54.10	305.83	-54.17	-4.920	5.060	3.690	0.710	2308.000	284.000
2015	12	2	14	10	1	336	140.0	-88.0	-5.87	13.43	54.10	305.83	-54.17	-4.920	5.060	-0.950	8.370	5372.000	3348.000
2015	12	2	14	10	1	336	140.0	-96.0	4.43	21.17	54.10	305.83	-54.17	-4.920	5.060	9.350	16.110	8468.000	6444.000
2015	12	2	14	10	1	336	140.0	-104.0	-0.63	13.96	54.10	305.82	-54.18	-4.900	5.060	4.270	8.900	5584.000	3560.000
2015	12	2	14	10	1	336	140.0	-112.0	5.20	5.00	54.10	305.83	-54.17	-4.920	5.060	10.120	-0.060	2000.000	-24.000
2015	12	2	14	10	1	336	140.0	-120.0	3.27	4.34	54.10	305.83	-54.17	-4.920	5.060	8.190	-0.720	1736.000	-288.000
2015	12	2	14	10	1	336	140.0	-128.0	2.87	0.50	54.10	305.83	-54.17	-4.920	5.060	7.790	-4.560	200.000	-1824.000
2015	12	2	14	10	1	336	140.0	-136.0	-2.27	-7.50	54.10	305.83	-54.17	-4.920	5.060	2.650	-12.560	-3000.000	-5024.000
2015	12	2	14	10	1	336	140.0	-144.0	-3.61	-11.73	54.09	305.81	-54.19	-4.890	5.010	1.280	-16.740	-4692.000	-6696.000
2015	12	2	14	10	1	336	140.0	-152.0	0.37	-8.14	54.10	305.82	-54.18	-4.900	5.060	5.270	-13.200	-3256.000	-5280.000
2015	12	2	14	10	1	336	140.0	-160.0	-4.24	-5.21	54.11	305.84	-54.16	-4.940	5.110	0.700	-10.320	-2084.000	-4128.000
2015	12	2	14	27	1	336	145.0	-64.0	6.39	3.14	54.13	305.86	-54.14	-4.120	5.270	10.510	-2.130	1256.000	-852.000
2015	12	2	14	27	1	336	145.0	-72.0	1.12	6.16	54.14	305.88	-54.12	-4.150	5.310	5.270	0.850	2464.000	340.000
2015	12	2	14	27	1	336	145.0	-80.0	1.98	10.85	54.13	305.87	-54.13	-4.140	5.270	6.120	5.580	4340.000	2232.000
2015	12	2	14	27	1	336	145.0	-88.0	6.89	10.06	54.14	305.88	-54.12	-4.150	5.310	11.040	4.750	4024.000	1900.000
2015	12	2	14	27	1	336	145.0	-96.0	5.84	7.99	54.14	305.88	-54.12	-4.150	5.310	9.990	2.680	3196.000	1072.000
2015	12	2	14	27	1	336	145.0	-104.0	0.99	8.11	54.14	305.88	-54.12	-4.150	5.310	5.140	2.800	3244.000	1120.000
2015	12	2	14	27	1	336	145.0	-112.0	-3.68	6.16	54.14	305.88	-54.12	-4.150	5.310	0.470	0.850	2464.000	340.000
2015	12	2	14	27	1	336	145.0	-120.0	0.65	7.92	54.13	305.87	-54.13	-4.140	5.270	4.790	2.650	3168.000	1060.000
2015	12	2	14	27	1	336	145.0	-128.0	-8.58	2.76	54.14	305.88	-54.12	-4.150	5.310	-4.430	-2.550	1104.000	-1020.000
2015	12	2	14	27	1	336	145.0	-136.0	-12.86	4.24	54.14	305.88	-54.12	-4.150	5.310	-8.710	-1.070	1696.000	-428.000
2015	12	2	14	27	1	336	145.0	-144.0	-16.51	-5.76	54.14	305.88	-54.12	-4.150	5.310	-12.360	-11.070	-2304.000	-4428.000
2015	12	2	14	27	1	336	145.0	-152.0	-8.73	-2.01	54.14	305.88	-54.12	-4.150	5.310	-4.580	-7.320	-804.000	-2928.000
2015	12	2	14	27	1	336	145.0	-160.0	-4.68	-2.98	54.13	305.87	-54.13	-4.140	5.270	-0.540	-8.250	-1192.000	-3300.000
2015	12	2	14	44	1	336	150.0	-64.0	0.91	15.93	54.17	305.93	-54.07	-3.300	5.410	4.210	10.520	6372.000	4208.000
2015	12	2	14	44	1	336	150.0	-72.0	-2.09	10.14	54.17	305.92	-54.08	-3.280	5.410	1.190	4.730	4056.000	1892.000
2015	12	2	14	44	1	336	150.0	-80.0	-5.24	1.89	54.17	305.92	-54.08	-3.280	5.410	-1.960	-3.520	756.000	-1408.000
2015	12	2	14	44	1	336	150.0	-88.0	-3.08	4.78	54.17	305.93	-54.07	-3.300	5.410	0.220	-0.630	1912.000	-252.000
2015	12	2	14	44	1	336	150.0	-96.0	2.07	14.99	54.17	305.92	-54.08	-3.280	5.410	5.350	9.580	5996.000	3832.000
2015	12	2	14	44	1	336	150.0	-104.0	3.58	15.64	54.17	305.93	-54.07	-3.300	5.410	6.880	10.230	6256.000	4092.000
2015	12	2	14	44	1	336	150.0	-112.0	2.92	12.41	54.17	305.93	-54.07	-3.300	5.410	6.220	7.000	4964.000	2800.000
2015	12	2	14	44	1	336	150.0	-120.0	-5.55	7.24	54.17	305.93	-54.07	-3.300	5.410	-2.250	1.830	2896.000	732.000
2015	12	2	14	44	1	336	150.0	-128.0	-6.32	6.51	54.17	305.93	-54.07	-3.300	5.410	-3.020	1.100	2604.000	440.000
2015	12	2	14	44	1	336	150.0	-136.0	-10.12	4.78	54.17	305.93	-54.07	-3.300	5.410	-6.820	-0.630	1912.000	-252.000
2015	12	2	14	44	1	336	150.0	-144.0	-15.74	1.38	54.17	305.93	-54.07	-3.300	5.410	-12.440	-4.030	552.000	-1612.000
2015	12	2	14	44	1	336	150.0	-152.0	-22.61	5.41	54.17	305.92	-54.08	-3.280	5.410	-19.330	0.000	2164.000	0.000
2015	12	2	14	44	1	336	150.0	-160.0	-9.99	8.68	54.17	305.93	-54.07	-3.300	5.410	-6.690	3.270	3472.000	1308.000
2015	12	2	14	44	1	336	150.0	-168.0	-12.11	7.81	54.17	305.92	-54.08	-3.280	5.410	-8.830	2.400	3124.000	960.000
2015	12	2	15	28	1	336	155.0	-32.0	23.84	4.63	54.20	306.01	-53.99	-0.880	5.030	24.720	-0.400	1852.000	-160.000
2015	12	2	15	28	1	336	155.0	-40.0	25.62	7.07	54.20	306.01	-53.99	-0.880	5.030	26.500	2.040	2828.000	816.000
2015	12	2	15	28	1	336	155.0	-48.0	22.64	2.76	54.20	306.01	-53.99	-0.880	5.030	23.520	-2.270	1104.000	-908.000
2015	12	2	15	28	1	336	155.0	-56.0	21.39	2.88	54.20	306.01	-53.99	-0.880	5.030	22.270	-2.150	1152.000	-860.000
2015	12	2	15	28	1	336	155.0	-64.0	18.51	1.11	54.20	306.01	-53.99	-0.880	5.030	19.390	-3.920	444.000	-1568.000
2015	12	2	15	28	1	336	155.0	-72.0	12.21	0.99	54.20	306.01	-53.99	-0.880	5.030	13.090	-4.040	396.000	-1616.000
2015	12	2	15	28	1	336	155.0	-80.0	11.35	1.17	54.20	306.00	-54.00	-0.860	5.020	12.210	-3.850	468.000	-1540.000
2015	12	2	15	28	1	336	155.0	-88.0	10.63	4.21	54.20	306.00	-54.00	-0.860	5.020	11.490	-0.810	1684.000	-324.000
2015	12	2	15	28	1	336	155.0	-96.0	10.84	3.83	54.20	306.00	-54.00	-0.860	5.020	11.700	-1.190	1532.000	-476.000
2015	12	2	15	28	1	336	155.0	-104.0	8.86	4.78	54.20	306.00	-54.00	-0.860	5.020	9.720	-0.240	1912.000	-96.000
2015	12	2	15	28	1	336	155.0	-112.0	8.87	4.65	54.20	306.00	-54.00	-0.860	5.020	9.730	-0.370	1860.000	-148.000
2015	12	2	15	28	1	336	155.0	-120.0	10.39	0.86	54.20	306.00	-54.00	-0.860	5.020	11.250	-4.160	344.000	-1664.000
2015	12	2	15	28	1	336	155.0	-128.0	7.75	0.16	54.20	306.00	-54.00	-0.860	5.020	8.610	-4.860	64.000	-1944.000
2015	12	2	15	28	1	336	155.0	-136.0	4.84	6.62	54.20	306.00	-54.00	-0.860	5.020	5.700	1.600	2648.000	640.000
2015	12	2	15	28	1	336	155.0	-144.0	-0.14	5.05	54.20	306.00	-54.00	-0.860	5.020	0.720	0.030	2020.000	12.000
2015	12	2	15	28	1	336	155.0	-152.0	-1.29	-1.54	54.20	305.99	-54.01	-0.840	5.010	-0.450	-6.550	-616.000	-2620.000
2015	12	2	15	28	1	336	155.0	-160.0	6.48	-4.22	54.20	306.01	-53.99	-0.880	5.030	7.360	-9.250	-1688.000	-3700.000
2015	12	2	15	28	1	336	155.0	-168.0	-5.58	8.40	54.19	305.98	-54.02	-0.850	4.970	-4.730	3.430	3360.000	1372.000
2015	12	2	15	28	1	336	155.0	-176.0	-3.37	-3.40	54.20	306.00	-54.00	-0.860	5.020	-2.510	-8.420	-1360.000	-3368.000
2015	12	2	15	28	1	336	155.0	-184.0	-4.32	-0.12	54.20	306.01	-53.99	-0.880	5.030	-3.440	-5.150	-48.000	-2060.000
2015	12	2	17	51	1	336	180.0	-32.0	16.10	-12.07	54.35	306.27	-53.73	6.420	1.040	9.680	-13.110	-4828.000	-5244.000
2015	12	2	17	51	1	336	180.0	-40.0	7.92	-12.50	54.35	306.27	-53.73	6.420	1.040	1.500	-13.540	-5000.000	-5416.000
2015	12	2	17	51	1	336	180.0	-48.0	4.04	-15.59	54.35	306.27	-53.73	6.420	1.040	-2.380	-16.630	-6236.000	-6652.000
2015	12	2	17	51	1	336	180.0	-56.0	-0.17	-20.96	54.35	306.27	-53.73	6.420	1.040	-6.590	-22.000	-8384.000	-8800.000
2015	12	2	17	51	1	336	180.0	-64.0	-2.39	-20.27	54.35	306.28	-53.72	6.460	1.090	-8.850	-21.360	-8108.000	-8544.000
2015	12	2	17	51	1	336	180.0	-72.0	-3.01	-14.00	54.35	306.27	-53.73	6.420	1.040	-9.430	-15.040	-5600.000	-6016.000
2015	12	2	17	51	1	336	180.0	-80.0	1.91	-14.47	54.35	306.28	-53.72	6.460	1.090	-4.550	-15.560	-5788.000	-6224.000
2015	12	2	17	51	1	336	180.0	-88.0	-0.65	-13.24	54.35	306.28	-53.72	6.460	1.090	-7.110	-14.330	-5296.000	-5732.000
2015	12	2	17	51	1	336	180.0	-96.0	-2.64	-9.05	54.35	306.28	-53.72	6.460	1.090	-9.100	-10.140	-3620.000	-4056.000
2015	12	2	17	51	1	336	180.0	-104.0	2.41	-11.54	54.35	306.28	-53.72	6.460	1.090	-4.050	-12.630	-4616.000	-5052.000
2015	12	2	17	51	1	336	180.0	-112.0	0.91	-1.41	54.35	306.28	-53.72	6.460	1.090	-5.550	-2.500	-564.000	-1000.000
2015	12	2	17	51	1	336	180.0	-120.0	2.29	2.87	54.35	306.28	-53.72	6.460	1.090	-4.170	1.780	1148.000	712.000
2015	12	2	17	51	1	336	180.0	-128.0	3.35	1.18	54.35	306.27	-53.73	6.420	1.040	-3.070	0.140	472.000	56.000
2015	12	2	17	51	1	336	180.0	-136.0	-3.16	-3.79	54.35	306.27	-53.73	6.420	1.040	-9.580	-4.830	-1516.000	-1932.000
2015	12	2	17	51	1	336	180.0	-144.0	-6.80	-6.68	54.35	306.28	-53.72	6.460	1.090	-13.260	-7.770	-2672.000	-3108.000
2015	12	2	17	51	1	336	180.0	-152.0	-7.41	-9.60	54.35	306.28	-53.72	6.460	1.090	-13.870	-10.690	-3840.000	-4276.000
2015	12	2	17	51	1	336	180.0	-160.0	-7.60	-19.65	54.35	306.28	-53.72	6.460	1.090	-14.060	-20.740	-7860.000	-8296.000
2015	12	2	17	51	1	336	180.0	-168.0	-11.72	-15.59	54.35	306.28	-53.72	6.460	1.090	-18.180	-16.680	-6236.000	-6672.000
2015	12	2	17	51	1	336	180.0	-176.0	-11.12	-14.02	54.35	306.28	-53.72	6.460	1.090	-17.580	-15.110	-5608.000	-6044.000
2015	12	2	17	51	1	336	180.0	-184.0	-17.29	-8.74	54.35	306.28	-53.72	6.460	1.090	-23.750	-9.830	-3496.000	-3932.000
2015	12	2	17	51	1	336	180.0	-192.0	-16.07	-6.29	54.35	306.27	-53.73	6.420	1.040	-22.490	-7.330	-2516.000	-2932.000
2015	12	2	20	5	1	336	200.0	-32.0	34.01	-32.97	54.49	306.51	-53.49	4.960	-3.580	29.050	-29.390	-13188.000	-11756.000
2015	12	2	20	5	1	336	200.0	-40.0	27.03	-34.91	54.49	306.51	-53.49	4.960	-3.580	22.070	-31.330	-13964.000	-12532.000
2015	12	2	20	5	1	336	200.0	-48.0	28.98	-38.16	54.49	306.51	-53.49	4.960	-3.580	24.020	-34.580	-15264.000	-13832.000
2015	12	2	20	5	1	336	200.0	-56.0	27.08	-42.65	54.49	306.51	-53.49	4.960	-3.580	22.120	-39.070	-17060.000	-15628.000
2015	12	2	20	5	1	336	200.0	-64.0	29.28	-45.98	54.49	306.51	-53.49	4.960	-3.580	24.320	-42.400	-18392.000	-16960.000
2015	12	2	20	5	1	336	200.0	-72.0	35.65	-43.01	54.49	306.51	-53.49	4.960	-3.580	30.690	-39.430	-17204.000	-15772.000
2015	12	2	20	5	1	336	200.0	-80.0	33.33	-46.23	54.49	306.51	-53.49	4.960	-3.580	28.370	-42.650	-18492.000	-17060.000
2015	12	2	20	5	1	336	200.0	-88.0	31.75	-39.37	54.49	306.51	-53.49	4.960	-3.580	26.790	-35.790	-15748.000	-14316.000
2015	12	2	20	5	1	336	200.0	-96.0	34.28	-35.86	54.49	306.52	-53.48	4.930	-3.540	29.350	-32.320	-14344.000	-12928.000
2015	12	2	20	5	1	336	200.0	-104.0	36.00	-39.22	54.49	306.51	-53.49	4.960	-3.580	31.040	-35.640	-15688.000	-14256.000
2015	12	2	20	5	1	336	200.0	-112.0	40.74	-42.37	54.49	306.51	-53.49	4.960	-3.580	35.780	-38.790	-16948.000	-15516.000
2015	12	2	20	5	1	336	200.0	-120.0	35.87	-36.51	54.49	306.51	-53.49	4.960	-3.580	30.910	-32.930	-14604.000	-13172.000
2015	12	2	20	5	1	336	200.0	-128.0	36.18	-33.20	54.49	306.52	-53.48	4.930	-3.540	31.250	-29.660	-13280.000	-11864.000
2015	12	2	20	5	1	336	200.0	-136.0	29.52	-30.89	54.49	306.51	-53.49	4.960	-3.580	24.560	-27.310	-12356.000	-10924.000
2015	12	2	20	5	1	336	200.0	-144.0	35.38	-29.16	54.49	306.51	-53.49	4.960	-3.580	30.420	-25.580	-11664.000	-10232.000
2015	12	2	20	5	1	336	200.0	-152.0	37.40	-32.87	54.49	306.51	-53.49	4.960	-3.580	32.440	-29.290	-13148.000	-11716.000
2015	12	2	20	5	1	336	200.0	-160.0	36.90	-40.06	54.49	306.51	-53.49	4.960	-3.580	31.940	-36.480	-16024.000	-14592.000
2015	12	2	20	5	1	336	200.0	-168.0	33.63	-45.23	54.49	306.51	-53.49	4.960	-3.580	28.670	-41.650	-18092.000	-16660.000
2015	12	2	20	5	1	336	200.0	-176.0	31.36	-42.15	54.49	306.51	-53.49	4.960	-3.580	26.400	-38.570	-16860.000	-15428.000
2015	12	2	20	5	1	336	200.0	-184.0	24.94	-42.22	54.49	306.51	-53.49	4.960	-3.580	19.980	-38.640	-16888.000	-15456.000
2015	12	2	20	5	1	336	200.0	-192.0	28.41	-36.78	54.49	306.51	-53.49	4.960	-3.580	23.450	-33.200	-14712.000	-13280.000
2015	12	2	20	5	1	336	200.0	-200.0	28.96	-40.77	54.49	306.51	-53.49	4.960	-3.580	24.000	-37.190	-16308.000	-14876.000
2015	12	2	20	5	1	336	200.0	-208.0	29.29	-35.96	54.49	306.51	-53.49	4.960	-3.580	24.330	-32.380	-14384.000	-12952.000
2015	12	2	20	5	1	336	200.0	-216.0	26.53	-38.61	54.49	306.51	-53.49	4.960	-3.580	21.570	-35.030	-15444.000	-14012.000
2015	12	2	20	5	1	336	200.0	-224.0	26.03	-45.98	54.49	306.51	-53.49	4.960	-3.580	21.070	-42.400	-18392.000	-16960.000
2015	12	2	20	5	1	336	200.0	-232.0	24.57	-43.79	54.49	306.51	-53.49	4.960	-3.580	19.610	-40.210	-17516.000	-16084.000
2015	12	2	20	5	1	336	200.0	-240.0	24.89	-44.27	54.49	306.51	-53.49	4.960	-3.580	19.930	-40.690	-17708.000	-16276.000
2015	12	2	20	5	1	336	200.0	-248.0	25.89	-47.93	54.49	306.51	-53.49	4.960	-3.580	20.930	-44.350	-19172.000	-17740.000
2015	12	2	20	5	1	336	200.0	-256.0	26.70	-51.47	54.49	306.51	-53.49	4.960	-3.580	21.740	-47.890	-20588.000	-19156.000
2015	12	2	20	5	1	336	200.0	-264.0	22.11	-54.04	54.49	306.51	-53.49	4.960	-3.580	17.150	-50.460	-21616.000	-20184.000
2015	12	2	20	5	1	336	200.0	-272.0	24.20	-54.22	54.49	306.52	-53.48	4.930	-3.540	19.270	-50.680	-21688.000	-20272.000
2015	12	2	20	30	1	336	205.0	-48.0	41.09	-26.62	54.51	306.54	-53.46	3.940	-3.710	37.150	-22.910	-10648.000	-9164.000
2015	12	2	20	30	1	336	205.0	-56.0	33.79	-34.42	54.51	306.54	-53.46	3.940	-3.710	29.850	-30.710	-13768.000	-12284.000
2015	12	2	20	30	1	336	205.0	-64.0	33.79	-41.32	54.51	306.54	-53.46	3.940	-3.710	29.850	-37.610	-16528.000	-15044.000
2015	12	2	20	30	1	336	205.0	-72.0	31.69	-38.52	54.51	306.54	-53.46	3.940	-3.710	27.750	-34.810	-15408.000	-13924.000
2015	12	2	20	30	1	336	205.0	-80.0	33.19	-35.52	54.51	306.54	-53.46	3.940	-3.710	29.250	-31.810	-14208.000	-12724.000
2015	12	2	20	30	1	336	205.0	-88.0	26.09	-33.72	54.51	306.54	-53.46	3.940	-3.710	22.150	-30.010	-13488.000	-12004.000
2015	12	2	20	30	1	336	205.0	-96.0	34.29	-33.32	54.51	306.54	-53.46	3.940	-3.710	30.350	-29.610	-13328.000	-11844.000
2015	12	2	20	30	1	336	205.0	-104.0	33.39	-45.42	54.51	306.54	-53.46	3.940	-3.710	29.450	-41.710	-18168.000	-16684.000
2015	12	2	20	30	1	336	205.0	-112.0	28.39	-35.82	54.51	306.54	-53.46	3.940	-3.710	24.450	-32.110	-14328.000	-12844.000
2015	12	2	20	30	1	336	205.0	-120.0	27.39	-29.82	54.51	306.54	-53.46	3.940	-3.710	23.450	-26.110	-11928.000	-10444.000
2015	12	2	20	30	1	336	205.0	-128.0	32.69	-43.92	54.51	306.54	-53.46	3.940	-3.710	28.750	-40.210	-17568.000	-16084.000
2015	12	2	20	30	1	336	205.0	-160.0	22.49	-45.92	54.51	306.54	-53.46	3.940	-3.710	18.550	-42.210	-18368.000	-16884.000
2015	12	2	20	30	1	336	205.0	-176.0	22.79	-50.22	54.51	306.54	-53.46	3.940	-3.710	18.850	-46.510	-20088.000	-18604.000
2015	12	2	22	30	1	336	225.0	-32.0	20.38	-43.10	54.63	306.77	-53.23	-1.430	-0.380	21.810	-42.720	-17240.000	-17088.000
2015	12	2	22	30	1	336	225.0	-40.0	29.11	-42.90	54.63	306.77	-53.23	-1.430	-0.380	30.540	-42.520	-17160.000	-17008.000
2015	12	2	22	30	1	336	225.0	-48.0	30.37	-43.14	54.63	306.77	-53.23	-1.430	-0.380	31.800	-42.760	-17256.000	-17104.000
2015	12	2	22	30	1	336	225.0	-56.0	28.84	-38.94	54.63	306.77	-53.23	-1.430	-0.380	30.270	-38.560	-15576.000	-15424.000
2015	12	2	22	30	1	336	225.0	-64.0	27.47	-40.71	54.63	306.77	-53.23	-1.430	-0.380	28.900	-40.330	-16284.000	-16132.000
2015	12	2	22	30	1	336	225.0	-72.0	28.77	-36.91	54.63	306.77	-53.23	-1.430	-0.380	30.200	-36.530	-14764.000	-14612.000
2015	12	2	22	30	1	336	225.0	-80.0	23.95	-32.97	54.63	306.77	-53.23	-1.430	-0.380	25.380	-32.590	-13188.000	-13036.000
2015	12	2	22	30	1	336	225.0	-88.0	19.23	-33.52	54.63	306.77	-53.23	-1.430	-0.380	20.660	-33.140	-13408.000	-13256.000
2015	12	2	22	30	1	336	225.0	-96.0	17.64	-30.93	54.63	306.77	-53.23	-1.430	-0.380	19.070	-30.550	-12372.000	-12220.000
2015	12	2	22	30	1	336	225.0	-104.0	14.37	-30.09	54.63	306.77	-53.23	-1.430	-0.380	15.800	-29.710	-12036.000	-11884.000
2015	12	2	22	30	1	336	225.0	-112.0	13.46	-25.30	54.63	306.77	-53.23	-1.430	-0.380	14.890	-24.920	-10120.000	-9968.000
2015	12	2	22	30	1	336	225.0	-120.0	10.19	-21.52	54.63	306.77	-53.23	-1.430	-0.380	11.620	-21.140	-8608.000	-8456.000
2015	12	2	22	30	1	336	225.0	-128.0	13.62	-19.43	54.63	306.77	-53.23	-1.430	-0.380	15.050	-19.050	-7772.000	-7620.000
2015	12	2	22	30	1	336	225.0	-136.0	14.80	-17.49	54.63	306.77	-53.23	-1.430	-0.380	16.230	-17.110	-6996.000	-6844.000
2015	12	2	22	30	1	336	225.0	-144.0	16.49	-19.23	54.63	306.77	-53.23	-1.430	-0.380	17.920	-18.850	-7692.000	-7540.000
2015	12	2	22	30	1	336	225.0	-152.0	16.98	-18.08	54.63	306.77	-53.23	-1.430	-0.380	18.410	-17.700	-7232.000	-7080.000
2015	12	2	22	30	1	336	225.0	-160.0	16.47	-17.67	54.63	306.77	-53.23	-1.430	-0.380	17.900	-17.290	-7068.000	-6916.000
2015	12	2	22	30	1	336	225.0	-168.0	13.21	-13.05	54.63	306.77	-53.23	-1.430	-0.380	14.640	-12.670	-5220.000	-5068.000
2015	12	2	22	30	1	336	225.0	-176.0	12.90	-10.92	54.63	306.76	-53.24	-1.440	-0.400	14.340	-10.520	-4368.000	-4208.000
2015	12	2	22	30	1	336	225.0	-184.0	15.85	-6.51	54.63	306.77	-53.23	-1.430	-0.380	17.280	-6.130	-2604.000	-2452.000
2015	12	2	22	30	1	336	225.0	-192.0	14.08	-5.91	54.63	306.77	-53.23	-1.430	-0.380	15.510	-5.530	-2364.000	-2212.000
2015	12	2	22	30	1	336	225.0	-200.0	10.74	-3.64	54.63	306.77	-53.23	-1.430	-0.380	12.170	-3.260	-1456.000	-1304.000
2015	12	2	22	30	1	336	225.0	-208.0	8.62	-5.46	54.63	306.77	-53.23	-1.430	-0.380	10.050	-5.080	-2184.000	-2032.000
2015	12	2	22	30	1	336	225.0	-216.0	4.77	-6.20	54.63	306.77	-53.23	-1.430	-0.380	6.200	-5.820	-2480.000	-2328.000
2015	12	2	22	30	1	336	225.0	-224.0	-0.54	-5.96	54.63	306.77	-53.23	-1.430	-0.380	0.890	-5.580	-2384.000	-2232.000
2015	12	2	22	30	1	336	225.0	-232.0	-3.61	-5.57	54.63	306.77	-53.23	-1.430	-0.380	-2.180	-5.190	-2228.000	-2076.000
2015	12	2	22	30	1	336	225.0	-240.0	-2.43	-7.55	54.63	306.77	-53.23	-1.430	-0.380	-1.000	-7.170	-3020.000	-2868.000
2015	12	2	22	30	1	336	225.0	-248.0	-1.06	-7.24	54.63	306.77	-53.23	-1.430	-0.380	0.370	-6.860	-2896.000	-2744.000
2015	12	2	22	30	1	336	225.0	-256.0	0.65	-6.07	54.63	306.77	-53.23	-1.430	-0.380	2.080	-5.690	-2428.000	-2276.000
2015	12	2	22	30	1	336	225.0	-264.0	-1.05	-9.19	54.63	306.77	-53.23	-1.430	-0.380	0.380	-8.810	-3676.000	-3524.000
2015	12	2	22	30	1	336	225.0	-272.0	-1.55	-8.95	54.63	306.77	-53.23	-1.430	-0.380	-0.120	-8.570	-3580.000	-3428.000
2015	12	2	22	30	1	336	225.0	-280.0	-0.64	-12.17	54.63	306.77	-53.23	-1.430	-0.380	0.790	-11.790	-4868.000	-4716.000
2015	12	2	22	30	1	336	225.0	-288.0	-1.24	-13.64	54.63	306.77	-53.23	-1.430	-0.380	0.190	-13.260	-5456.000	-5304.000
2015	12	2	22	30	1	336	225.0	-296.0	-1.46	-12.01	54.63	306.77	-53.23	-1.430	-0.380	-0.030	-11.630	-4804.000	-4652.000
2015	12	2	22	30	1	336	225.0	-304.0	2.48	-13.72	54.63	306.77	-53.23	-1.430	-0.380	3.910	-13.340	-5488.000	-5336.000
2015	12	2	22	30	1	336	225.0	-312.0	1.16	-15.94	54.63	306.77	-53.23	-1.430	-0.380	2.590	-15.560	-6376.000	-6224.000
2015	12	2	22	30	1	336	225.0	-320.0	0.90	-15.12	54.63	306.77	-53.23	-1.430	-0.380	2.330	-14.740	-6048.000	-5896.000
2015	12	2	22	30	1	336	225.0	-328.0	0.47	-16.85	54.63	306.77	-53.23	-1.430	-0.380	1.900	-16.470	-6740.000	-6588.000
2015	12	2	22	30	1	336	225.0	-336.0	-0.24	-17.82	54.63	306.77	-53.23	-1.430	-0.380	1.190	-17.440	-7128.000	-6976.000
2015	12	2	22	30	1	336	225.0	-344.0	1.26	-17.91	54.63	306.77	-53.23	-1.430	-0.380	2.690	-17.530	-7164.000	-7012.000
2015	12	2	22	30	1	336	225.0	-352.0	2.52	-15.30	54.63	306.77	-53.23	-1.430	-0.380	3.950	-14.920	-6120.000	-5968.000
2015	12	2	22	30	1	336	225.0	-360.0	2.04	-18.40	54.63	306.77	-53.23	-1.430	-0.380	3.470	-18.020	-7360.000	-7208.000
2015	12	2	22	30	1	336	225.0	-368.0	2.34	-16.56	54.63	306.77	-53.23	-1.430	-0.380	3.770	-16.180	-6624.000	-6472.000
2015	12	2	22	30	1	336	225.0	-376.0	3.04	-16.66	54.63	306.77	-53.23	-1.430	-0.380	4.470	-16.280	-6664.000	-6512.000
2015	12	2	22	30	1	336	225.0	-384.0	2.96	-15.15	54.63	306.77	-53.23	-1.430	-0.380	4.390	-14.770	-6060.000	-5908.000
2015	12	2	22	30	1	336	225.0	-392.0	1.08	-12.86	54.63	306.77	-53.23	-1.430	-0.380	2.510	-12.480	-5144.000	-4992.000
2015	12	2	22	30	1	336	225.0	-400.0	0.01	-12.22	54.63	306.77	-53.23	-1.430	-0.380	1.440	-11.840	-4888.000	-4736.000
2015	12	2	22	30	1	336	225.0	-408.0	-0.46	-12.37	54.63	306.77	-53.23	-1.430	-0.380	0.970	-11.990	-4948.000	-4796.000
2015	12	2	22	30	1	336	225.0	-416.0	1.93	-9.48	54.63	306.77	-53.23	-1.430	-0.380	3.360	-9.100	-3792.000	-3640.000
2015	12	2	22	30	1	336	225.0	-424.0	1.88	-6.32	54.63	306.77	-53.23	-1.430	-0.380	3.310	-5.940	-2528.000	-2376.000
2015	12	2	22	30	1	336	225.0	-432.0	4.02	-5.12	54.63	306.77	-53.23	-1.430	-0.380	5.450	-4.740	-2048.000	-1896.000
2015	12	2	22	30	1	336	225.0	-440.0	2.20	-5.89	54.63	306.77	-53.23	-1.430	-0.380	3.630	-5.510	-2356.000	-2204.000
2015	12	2	22	30	1	336	225.0	-448.0	-0.31	-4.99	54.63	306.77	-53.23	-1.430	-0.380	1.120	-4.610	-1996.000	-1844.000
2015	12	2	22	30	1	336	225.0	-456.0	0.48	-2.98	54.63	306.77	-53.23	-1.430	-0.380	1.910	-2.600	-1192.000	-1040.000
2015	12	2	22	30	1	336	225.0	-464.0	-2.86	-2.21	54.63	306.77	-53.23	-1.430	-0.380	-1.430	-1.830	-884.000	-732.000
2015	12	2	22	30	1	336	225.0	-472.0	-3.45	-3.30	54.63	306.77	-53.23	-1.430	-0.380	-2.020	-2.920	-1320.000	-1168.000
2015	12	2	22	30	1	336	225.0	-480.0	-4.02	-2.30	54.63	306.77	-53.23	-1.430	-0.380	-2.590	-1.920	-920.000	-768.000
2015	12	2	22	30	1	336	225.0	-488.0	-3.71	-2.92	54.63	306.77	-53.23	-1.430	-0.380	-2.280	-2.540	-1168.000	-1016.000
2015	12	2	22	30	1	336	225.0	-496.0	-5.10	-1.58	54.63	306.77	-53.23	-1.430	-0.380	-3.670	-1.200	-632.000	-480.000
2015	12	2	22	30	1	336	225.0	-504.0	-0.98	-3.19	54.63	306.77	-53.23	-1.430	-0.380	0.450	-2.810	-1276.000	-1124.000
2015	12	2	22	30	1	336	225.0	-512.0	-1.58	-3.38	54.63	306.77	-53.23	-1.430	-0.380	-0.150	-3.000	-1352.000	-1200.000
2015	12	2	22	30	1	336	225.0	-520.0	-3.66	-4.07	54.63	306.77	-53.23	-1.430	-0.380	-2.230	-3.690	-1628.000	-1476.000
2015	12	2	22	30	1	336	225.0	-528.0	-2.76	-2.42	54.63	306.77	-53.23	-1.430	-0.380	-1.330	-2.040	-968.000	-816.000
2015	12	2	22	30	1	336	225.0	-536.0	-1.69	-2.26	54.63	306.77	-53.23	-1.430	-0.380	-0.260	-1.880	-904.000	-752.000
2015	12	2	22	30	1	336	225.0	-544.0	-0.60	-0.18	54.63	306.77	-53.23	-1.430	-0.380	0.830	0.200	-72.000	80.000
2015	12	2	22	30	1	336	225.0	-552.0	-0.37	0.39	54.63	306.77	-53.23	-1.430	-0.380	1.060	0.770	156.000	308.000
2015	12	2	22	30	1	336	225.0	-560.0	-1.74	-3.90	54.62	306.77	-53.23	-1.360	-0.380	-0.380	-3.520	-1560.000	-1408.000
2015	12	2	22	30	1	336	225.0	-568.0	-2.12	-3.11	54.63	306.77	-53.23	-1.430	-0.380	-0.690	-2.730	-1244.000	-1092.000
2015	12	2	22	30	1	336	225.0	-576.0	-0.87	-0.53	54.62	306.77	-53.23	-1.360	-0.380	0.490	-0.150	-212.000	-60.000
2015	12	2	22	30	1	336	225.0	-584.0	-2.43	-2.70	54.63	306.77	-53.23	-1.430	-0.380	-1.000	-2.320	-1080.000	-928.000
2015	12	2	22	30	1	336	225.0	-592.0	-4.33	-0.83	54.63	306.77	-53.23	-1.430	-0.380	-2.900	-0.450	-332.000	-180.000
2015	12	2	22	30	1	336	225.0	-600.0	-1.41	0.79	54.62	306.79	-53.21	-1.330	-0.320	-0.080	1.110	316.000	444.000
2015	12	2	22	30	1	336	225.0	-608.0	-6.11	-11.71	54.62	306.79	-53.21	-1.330	-0.320	-4.780	-11.390	-4684.000	-4556.000
2015	12	2	22	30	1	336	225.0	-616.0	-14.86	1.88	54.62	306.79	-53.21	-1.330	-0.320	-13.530	2.200	752.000	880.000
2015	12	3	0	27	1	337	245.0	-40.0	37.30	-7.69	54.78	307.00	-53.00	-2.690	2.840	39.990	-10.530	-3076.000	-4212.000
2015	12	3	0	27	1	337	245.0	-48.0	30.65	-1.84	54.78	307.00	-53.00	-2.690	2.840	33.340	-4.680	-736.000	-1872.000
2015	12	3	0	27	1	337	245.0	-56.0	30.85	-0.99	54.78	307.00	-53.00	-2.690	2.840	33.540	-3.830	-396.000	-1532.000
2015	12	3	0	27	1	337	245.0	-64.0	29.90	-5.39	54.78	307.00	-53.00	-2.690	2.840	32.590	-8.230	-2156.000	-3292.000
2015	12	3	0	27	1	337	245.0	-72.0	31.39	-6.32	54.78	307.00	-53.00	-2.690	2.840	34.080	-9.160	-2528.000	-3664.000
2015	12	3	0	27	1	337	245.0	-80.0	26.15	-12.39	54.78	307.00	-53.00	-2.690	2.840	28.840	-15.230	-4956.000	-6092.000
2015	12	3	0	27	1	337	245.0	-88.0	26.42	-3.29	54.78	307.00	-53.00	-2.690	2.840	29.110	-6.130	-1316.000	-2452.000
2015	12	3	0	27	1	337	245.0	-96.0	37.50	-2.79	54.78	307.00	-53.00	-2.690	2.840	40.190	-5.630	-1116.000	-2252.000
2015	12	3	0	27	1	337	245.0	-104.0	26.85	-6.29	54.78	307.00	-53.00	-2.690	2.840	29.540	-9.130	-2516.000	-3652.000
2015	12	3	0	27	1	337	245.0	-112.0	25.00	-13.79	54.78	307.00	-53.00	-2.690	2.840	27.690	-16.630	-5516.000	-6652.000
2015	12	3	0	27	1	337	245.0	-120.0	29.45	-11.39	54.78	307.00	-53.00	-2.690	2.840	32.140	-14.230	-4556.000	-5692.000
2015	12	3	0	27	1	337	245.0	-128.0	20.45	-7.24	54.78	307.00	-53.00	-2.690	2.840	23.140	-10.080	-2896.000	-4032.000
2015	12	3	0	27	1	337	245.0	-136.0	15.90	-13.09	54.78	307.00	-53.00	-2.690	2.840	18.590	-15.930	-5236.000	-6372.000
2015	12	3	0	27	1	337	245.0	-144.0	15.30	-5.14	54.78	307.00	-53.00	-2.690	2.840	17.990	-7.980	-2056.000	-3192.000
2015	12	3	0	27	1	337	245.0	-152.0	24.05	-7.99	54.78	307.00	-53.00	-2.690	2.840	26.740	-10.830	-3196.000	-4332.000
2015	12	3	0	27	1	337	245.0	-160.0	27.93	-11.53	54.78	307.01	-52.99	-2.680	2.830	30.610	-14.360	-4612.000	-5744.000
2015	12	3	0	27	1	337	245.0	-168.0	13.85	-11.94	54.78	307.00	-53.00	-2.690	2.840	16.540	-14.780	-4776.000	-5912.000
2015	12	3	0	27	1	337	245.0	-176.0	17.25	-9.34	54.78	307.00	-53.00	-2.690	2.840	19.940	-12.180	-3736.000	-4872.000
2015	12	3	0	27	1	337	245.0	-184.0	12.10	-4.34	54.78	307.00	-53.00	-2.690	2.840	14.790	-7.180	-1736.000	-2872.000
2015	12	3	0	27	1	337	245.0	-192.0	17.65	-6.69	54.78	307.00	-53.00	-2.690	2.840	20.340	-9.530	-2676.000	-3812.000
2015	12	3	0	27	1	337	245.0	-200.0	18.67	-9.56	54.78	307.00	-53.00	-2.690	2.840	21.360	-12.400	-3824.000	-4960.000
2015	12	3	0	27	1	337	245.0	-208.0	11.17	-12.26	54.78	307.00	-53.00	-2.690	2.840	13.860	-15.100	-4904.000	-6040.000
2015	12	3	0	27	1	337	245.0	-216.0	17.97	-6.66	54.78	307.00	-53.00	-2.690	2.840	20.660	-9.500	-2664.000	-3800.000
2015	12	3	0	27	1	337	245.0	-224.0	8.97	-1.15	54.78	307.00	-53.00	-2.690	2.840	11.660	-3.990	-460.000	-1596.000
2015	12	3	0	27	1	337	245.0	-232.0	11.77	-3.56	54.78	307.00	-53.00	-2.690	2.840	14.460	-6.400	-1424.000	-2560.000
2015	12	3	0	27	1	337	245.0	-240.0	14.47	-10.56	54.78	307.00	-53.00	-2.690	2.840	17.160	-13.400	-4224.000	-5360.000
2015	12	3	0	27	1	337	245.0	-264.0	-1.83	-5.86	54.78	307.00	-53.00	-2.690	2.840	0.860	-8.700	-2344.000	-3480.000
2015	12	3	0	27	1	337	245.0	-280.0	11.27	-15.35	54.78	307.00	-53.00	-2.690	2.840	13.960	-18.190	-6140.000	-7276.000
2015	12	3	0	27	1	337	245.0	-288.0	12.07	-15.76	54.78	307.00	-53.00	-2.690	2.840	14.760	-18.600	-6304.000	-7440.000
2015	12	3	0	27	1	337	245.0	-296.0	7.67	-10.65	54.78	307.00	-53.00	-2.690	2.840	10.360	-13.490	-4260.000	-5396.000
2015	12	3	0	27	1	337	245.0	-304.0	1.57	-5.95	54.78	307.00	-53.00	-2.690	2.840	4.260	-8.790	-2380.000	-3516.000
2015	12	3	0	27	1	337	245.0	-312.0	9.17	-8.76	54.78	307.00	-53.00	-2.690	2.840	11.860	-11.600	-3504.000	-4640.000
2015	12	3	0	27	1	337	245.0	-320.0	-1.83	-16.85	54.78	307.00	-53.00	-2.690	2.840	0.860	-19.690	-6740.000	-7876.000
2015	12	3	0	27	1	337	245.0	-328.0	4.87	-6.95	54.78	307.00	-53.00	-2.690	2.840	7.560	-9.790	-2780.000	-3916.000
2015	12	3	0	27	1	337	245.0	-336.0	5.57	-10.95	54.78	307.00	-53.00	-2.690	2.840	8.260	-13.790	-4380.000	-5516.000
2015	12	3	0	27	1	337	245.0	-352.0	2.67	-12.15	54.78	307.00	-53.00	-2.690	2.840	5.360	-14.990	-4860.000	-5996.000
2015	12	3	0	27	1	337	245.0	-360.0	9.67	-1.25	54.78	307.00	-53.00	-2.690	2.840	12.360	-4.090	-500.000	-1636.000
2015	12	3	0	27	1	337	245.0	-368.0	2.47	-7.36	54.78	307.00	-53.00	-2.690	2.840	5.160	-10.200	-2944.000	-4080.000
2015	12	3	0	27	1	337	245.0	-376.0	1.47	-7.45	54.78	307.00	-53.00	-2.690	2.840	4.160	-10.290	-2980.000	-4116.000
2015	12	3	0	27	1	337	245.0	-384.0	7.77	-14.06	54.78	307.00	-53.00	-2.690	2.840	10.460	-16.900	-5624.000	-6760.000
2015	12	3	0	27	1	337	245.0	-400.0	2.67	-1.36	54.78	307.00	-53.00	-2.690	2.840	5.360	-4.200	-544.000	-1680.000
2015	12	3	0	27	1	337	245.0	-408.0	0.07	-2.86	54.78	307.00	-53.00	-2.690	2.840	2.760	-5.700	-1144.000	-2280.000
2015	12	3	0	27	1	337	245.0	-424.0	0.17	-9.45	54.78	307.00	-53.00	-2.690	2.840	2.860	-12.290	-3780.000	-4916.000
2015	12	3	0	27	1	337	245.0	-448.0	2.37	-11.45	54.78	307.00	-53.00	-2.690	2.840	5.060	-14.290	-4580.000	-5716.000
2015	12	3	0	27	1	337	245.0	-456.0	4.77	3.85	54.78	307.00	-53.00	-2.690	2.840	7.460	1.010	1540.000	404.000
2015	12	3	0	27	1	337	245.0	-464.0	-0.93	-10.85	54.78	307.00	-53.00	-2.690	2.840	1.760	-13.690	-4340.000	-5476.000
2015	12	3	0	27	1	337	245.0	-472.0	-0.23	-3.65	54.78	307.00	-53.00	-2.690	2.840	2.460	-6.490	-1460.000	-2596.000
2015	12	3	0	27	1	337	245.0	-480.0	-1.43	-12.85	54.78	307.00	-53.00	-2.690	2.840	1.260	-15.690	-5140.000	-6276.000
2015	12	3	0	27	1	337	245.0	-488.0	-0.03	-2.36	54.78	307.00	-53.00	-2.690	2.840	2.660	-5.200	-944.000	-2080.000
2015	12	3	0	27	1	337	245.0	-496.0	3.47	-6.86	54.78	307.00	-53.00	-2.690	2.840	6.160	-9.700	-2744.000	-3880.000
2015	12	3	1	41	1	337	250.0	-32.0	34.90	-14.64	54.79	307.03	-52.97	-2.070	3.080	36.970	-17.720	-5856.000	-7088.000
2015	12	3	1	41	1	337	250.0	-40.0	35.70	-15.51	54.79	307.04	-52.96	-2.060	3.080	37.760	-18.590	-6204.000	-7436.000
2015	12	3	1	41	1	337	250.0	-48.0	30.46	-13.28	54.79	307.04	-52.96	-2.060	3.080	32.520	-16.360	-5312.000	-6544.000
2015	12	3	1	41	1	337	250.0	-56.0	29.22	-14.19	54.79	307.03	-52.97	-2.070	3.080	31.290	-17.270	-5676.000	-6908.000
2015	12	3	1	41	1	337	250.0	-64.0	29.85	-12.62	54.79	307.03	-52.97	-2.070	3.080	31.920	-15.700	-5048.000	-6280.000
2015	12	3	1	41	1	337	250.0	-72.0	31.71	-12.41	54.79	307.03	-52.97	-2.070	3.080	33.780	-15.490	-4964.000	-6196.000
2015	12	3	1	41	1	337	250.0	-80.0	32.01	-14.93	54.79	307.03	-52.97	-2.070	3.080	34.080	-18.010	-5972.000	-7204.000
2015	12	3	1	41	1	337	250.0	-88.0	28.83	-15.63	54.79	307.03	-52.97	-2.070	3.080	30.900	-18.710	-6252.000	-7484.000
2015	12	3	1	41	1	337	250.0	-96.0	29.71	-16.75	54.79	307.03	-52.97	-2.070	3.080	31.780	-19.830	-6700.000	-7932.000
2015	12	3	1	41	1	337	250.0	-104.0	29.51	-16.27	54.79	307.03	-52.97	-2.070	3.080	31.580	-19.350	-6508.000	-7740.000
2015	12	3	1	41	1	337	250.0	-112.0	28.43	-16.84	54.79	307.03	-52.97	-2.070	3.080	30.500	-19.920	-6736.000	-7968.000
2015	12	3	1	41	1	337	250.0	-120.0	28.00	-15.74	54.79	307.03	-52.97	-2.070	3.080	30.070	-18.820	-6296.000	-7528.000
2015	12	3	1	41	1	337	250.0	-128.0	26.42	-18.57	54.79	307.03	-52.97	-2.070	3.080	28.490	-21.650	-7428.000	-8660.000
2015	12	3	1	41	1	337	250.0	-136.0	26.10	-18.48	54.79	307.04	-52.96	-2.060	3.080	28.160	-21.560	-7392.000	-8624.000
2015	12	3	1	41	1	337	250.0	-144.0	24.30	-19.57	54.79	307.03	-52.97	-2.070	3.080	26.370	-22.650	-7828.000	-9060.000
2015	12	3	1	41	1	337	250.0	-152.0	22.62	-12.89	54.79	307.03	-52.97	-2.070	3.080	24.690	-15.970	-5156.000	-6388.000
2015	12	3	1	41	1	337	250.0	-160.0	23.91	-14.58	54.79	307.03	-52.97	-2.070	3.080	25.980	-17.660	-5832.000	-7064.000
2015	12	3	1	41	1	337	250.0	-168.0	22.16	-16.57	54.79	307.03	-52.97	-2.070	3.080	24.230	-19.650	-6628.000	-7860.000
2015	12	3	1	41	1	337	250.0	-176.0	20.27	-17.63	54.79	307.03	-52.97	-2.070	3.080	22.340	-20.710	-7052.000	-8284.000
2015	12	3	1	41	1	337	250.0	-184.0	19.80	-16.67	54.79	307.03	-52.97	-2.070	3.080	21.870	-19.750	-6668.000	-7900.000
2015	12	3	1	41	1	337	250.0	-192.0	19.25	-16.33	54.79	307.03	-52.97	-2.070	3.080	21.320	-19.410	-6532.000	-7764.000
2015	12	3	1	41	1	337	250.0	-200.0	15.98	-15.96	54.79	307.04	-52.96	-2.060	3.080	18.040	-19.040	-6384.000	-7616.000
2015	12	3	1	41	1	337	250.0	-208.0	15.87	-14.94	54.79	307.04	-52.96	-2.060	3.080	17.930	-18.020	-5976.000	-7208.000
2015	12	3	1	41	1	337	250.0	-216.0	14.46	-14.63	54.79	307.04	-52.96	-2.060	3.080	16.520	-17.710	-5852.000	-7084.000
2015	12	3	1	41	1	337	250.0	-224.0	14.25	-15.45	54.79	307.03	-52.97	-2.070	3.080	16.320	-18.530	-6180.000	-7412.000
2015	12	3	1	41	1	337	250.0	-232.0	7.84	-12.87	54.79	307.04	-52.96	-2.060	3.080	9.900	-15.950	-5148.000	-6380.000
2015	12	3	1	41	1	337	250.0	-240.0	6.09	-16.56	54.79	307.04	-52.96	-2.060	3.080	8.150	-19.640	-6624.000	-7856.000
2015	12	3	1	41	1	337	250.0	-248.0	4.52	-13.49	54.79	307.04	-52.96	-2.060	3.080	6.580	-16.570	-5396.000	-6628.000
2015	12	3	1	41	1	337	250.0	-256.0	2.10	-15.28	54.79	307.04	-52.96	-2.060	3.080	4.160	-18.360	-6112.000	-7344.000
2015	12	3	1	41	1	337	250.0	-264.0	1.59	-17.65	54.79	307.04	-52.96	-2.060	3.080	3.650	-20.730	-7060.000	-8292.000
2015	12	3	1	41	1	337	250.0	-272.0	2.43	-17.40	54.79	307.04	-52.96	-2.060	3.080	4.490	-20.480	-6960.000	-8192.000
2015	12	3	1	41	1	337	250.0	-280.0	3.00	-17.02	54.79	307.04	-52.96	-2.060	3.080	5.060	-20.100	-6808.000	-8040.000
2015	12	3	1	41	1	337	250.0	-288.0	5.65	-19.50	54.79	307.04	-52.96	-2.060	3.080	7.710	-22.580	-7800.000	-9032.000
2015	12	3	1	41	1	337	250.0	-296.0	2.37	-16.92	54.79	307.04	-52.96	-2.060	3.080	4.430	-20.000	-6768.000	-8000.000
2015	12	3	1	41	1	337	250.0	-304.0	3.09	-16.09	54.79	307.04	-52.96	-2.060	3.080	5.150	-19.170	-6436.000	-7668.000
2015	12	3	1	41	1	337	250.0	-312.0	0.22	-15.71	54.79	307.04	-52.96	-2.060	3.080	2.280	-18.790	-6284.000	-7516.000
2015	12	3	1	41	1	337	250.0	-320.0	2.96	-12.32	54.79	307.04	-52.96	-2.060	3.080	5.020	-15.400	-4928.000	-6160.000
2015	12	3	1	41	1	337	250.0	-328.0	-0.00	-11.49	54.79	307.04	-52.96	-2.060	3.080	2.060	-14.570	-4596.000	-5828.000
2015	12	3	1	41	1	337	250.0	-336.0	-2.50	-11.85	54.79	307.04	-52.96	-2.060	3.080	-0.440	-14.930	-4740.000	-5972.000
2015	12	3	1	41	1	337	250.0	-344.0	1.28	-9.18	54.79	307.04	-52.96	-2.060	3.080	3.340	-12.260	-3672.000	-4904.000
2015	12	3	1	41	1	337	250.0	-352.0	3.71	-7.75	54.79	307.04	-52.96	-2.060	3.080	5.770	-10.830	-3100.000	-4332.000
2015	12	3	1	41	1	337	250.0	-360.0	2.43	-7.58	54.79	307.04	-52.96	-2.060	3.080	4.490	-10.660	-3032.000	-4264.000
2015	12	3	1	41	1	337	250.0	-368.0	2.30	-10.21	54.79	307.04	-52.96	-2.060	3.080	4.360	-13.290	-4084.000	-5316.000
2015	12	3	1	41	1	337	250.0	-376.0	1.21	-9.95	54.79	307.04	-52.96	-2.060	3.080	3.270	-13.030	-3980.000	-5212.000
2015	12	3	1	41	1	337	250.0	-384.0	3.45	-9.67	54.79	307.03	-52.97	-2.070	3.080	5.520	-12.750	-3868.000	-5100.000
2015	12	3	1	41	1	337	250.0	-392.0	1.73	-7.31	54.79	307.03	-52.97	-2.070	3.080	3.800	-10.390	-2924.000	-4156.000
2015	12	3	1	41	1	337	250.0	-400.0	4.44	-9.31	54.79	307.03	-52.97	-2.070	3.080	6.510	-12.390	-3724.000	-4956.000
2015	12	3	1	41	1	337	250.0	-408.0	0.57	-7.29	54.79	307.03	-52.97	-2.070	3.080	2.640	-10.370	-2916.000	-4148.000
2015	12	3	1	41	1	337	250.0	-416.0	1.40	-8.47	54.79	307.04	-52.96	-2.060	3.080	3.460	-11.550	-3388.000	-4620.000
2015	12	3	1	41	1	337	250.0	-424.0	5.51	-9.77	54.79	307.04	-52.96	-2.060	3.080	7.570	-12.850	-3908.000	-5140.000
2015	12	3	1	41	1	337	250.0	-432.0	3.31	-5.94	54.79	307.04	-52.96	-2.060	3.080	5.370	-9.020	-2376.000	-3608.000
2015	12	3	1	41	1	337	250.0	-440.0	0.72	-6.87	54.79	307.04	-52.96	-2.060	3.080	2.780	-9.950	-2748.000	-3980.000
2015	12	3	1	41	1	337	250.0	-448.0	3.34	-6.79	54.79	307.04	-52.96	-2.060	3.080	5.400	-9.870	-2716.000	-3948.000
2015	12	3	1	41	1	337	250.0	-456.0	-1.44	-7.17	54.79	307.03	-52.97	-2.070	3.080	0.630	-10.250	-2868.000	-4100.000
2015	12	3	1	41	1	337	250.0	-464.0	-1.01	-8.27	54.79	307.03	-52.97	-2.070	3.080	1.060	-11.350	-3308.000	-4540.000
2015	12	3	1	41	1	337	250.0	-472.0	-1.66	-9.34	54.79	307.03	-52.97	-2.070	3.080	0.410	-12.420	-3736.000	-4968.000
2015	12	3	1	41	1	337	250.0	-480.0	-2.31	-4.49	54.79	307.03	-52.97	-2.070	3.080	-0.240	-7.570	-1796.000	-3028.000
2015	12	3	1	41	1	337	250.0	-488.0	-1.56	-8.80	54.79	307.04	-52.96	-2.060	3.080	0.500	-11.880	-3520.000	-4752.000
2015	12	3	1	41	1	337	250.0	-496.0	1.36	-6.83	54.79	307.04	-52.96	-2.060	3.080	3.420	-9.910	-2732.000	-3964.000
2015	12	3	1	41	1	337	250.0	-504.0	2.76	-4.82	54.79	307.03	-52.97	-2.070	3.080	4.830	-7.900	-1928.000	-3160.000
2015	12	3	1	41	1	337	250.0	-512.0	4.84	-6.93	54.79	307.03	-52.97	-2.070	3.080	6.910	-10.010	-2772.000	-4004.000
2015	12	3	1	41	1	337	250.0	-520.0	0.25	-11.29	54.79	307.03	-52.97	-2.070	3.080	2.320	-14.370	-4516.000	-5748.000
2015	12	3	1	41	1	337	250.0	-528.0	4.51	-11.90	54.79	307.04	-52.96	-2.060	3.080	6.570	-14.980	-4760.000	-5992.000
2015	12	3	1	41	1	337	250.0	-536.0	6.20	-12.18	54.79	307.03	-52.97	-2.070	3.080	8.270	-15.260	-4872.000	-6104.000
2015	12	3	1	41	1	337	250.0	-544.0	2.56	-12.96	54.79	307.05	-52.95	-2.050	3.070	4.610	-16.030	-5184.000	-6412.000
2015	12	3	4	30	1	337	290.0	-32.0	28.21	-29.14	55.06	307.51	-52.49	0.720	-0.210	27.490	-28.930	-11656.000	-11572.000
2015	12	3	4	30	1	337	290.0	-40.0	35.11	-20.84	55.06	307.51	-52.49	0.720	-0.210	34.390	-20.630	-8336.000	-8252.000
2015	12	3	4	30	1	337	290.0	-48.0	33.91	-21.44	55.06	307.51	-52.49	0.720	-0.210	33.190	-21.230	-8576.000	-8492.000
2015	12	3	4	30	1	337	290.0	-56.0	31.83	-15.16	55.07	307.50	-52.50	0.700	-0.210	31.130	-14.950	-6064.000	-5980.000
2015	12	3	4	30	1	337	290.0	-64.0	29.17	-25.30	55.07	307.50	-52.50	0.700	-0.210	28.470	-25.090	-10120.000	-10036.000
2015	12	3	4	30	1	337	290.0	-72.0	19.21	-23.44	55.06	307.51	-52.49	0.720	-0.210	18.490	-23.230	-9376.000	-9292.000
2015	12	3	4	30	1	337	290.0	-80.0	18.97	-25.10	55.07	307.50	-52.50	0.700	-0.210	18.270	-24.890	-10040.000	-9956.000
2015	12	3	4	30	1	337	290.0	-88.0	17.61	-17.74	55.06	307.51	-52.49	0.720	-0.210	16.890	-17.530	-7096.000	-7012.000
2015	12	3	4	30	1	337	290.0	-96.0	16.62	-24.50	55.07	307.50	-52.50	0.700	-0.210	15.920	-24.290	-9800.000	-9716.000
2015	12	3	4	30	1	337	290.0	-104.0	21.33	-23.44	55.07	307.51	-52.49	0.700	-0.210	20.630	-23.230	-9376.000	-9292.000
2015	12	3	4	30	1	337	290.0	-112.0	25.27	-34.10	55.07	307.50	-52.50	0.700	-0.210	24.570	-33.890	-13640.000	-13556.000
2015	12	3	4	30	1	337	290.0	-120.0	19.58	-21.93	55.06	307.51	-52.49	0.720	-0.210	18.860	-21.720	-8772.000	-8688.000
2015	12	3	4	30	1	337	290.0	-128.0	33.03	-36.56	55.07	307.50	-52.50	0.700	-0.210	32.330	-36.350	-14624.000	-14540.000
2015	12	3	4	30	1	337	290.0	-152.0	33.93	-26.91	55.07	307.51	-52.49	0.700	-0.210	33.230	-26.700	-10764.000	-10680.000
2015	12	3	4	30	1	337	290.0	-160.0	44.71	-28.04	55.06	307.51	-52.49	0.720	-0.210	43.990	-27.830	-11216.000	-11132.000
2015	12	3	4	30	1	337	290.0	-176.0	33.31	-33.64	55.06	307.51	-52.49	0.720	-0.210	32.590	-33.430	-13456.000	-13372.000
2015	12	3	4	30	1	337	290.0	-184.0	34.01	-36.44	55.06	307.51	-52.49	0.720	-0.210	33.290	-36.230	-14576.000	-14492.000
2015	12	3	4	30	1	337	290.0	-200.0	25.31	-40.04	55.06	307.51	-52.49	0.720	-0.210	24.590	-39.830	-16016.000	-15932.000
2015	12	3	4	30	1	337	290.0	-208.0	27.47	-30.60	55.07	307.50	-52.50	0.700	-0.210	26.770	-30.390	-12240.000	-12156.000
2015	12	3	4	30	1	337	290.0	-216.0	30.11	-33.74	55.06	307.51	-52.49	0.720	-0.210	29.390	-33.530	-13496.000	-13412.000
2015	12	3	4	30	1	337	290.0	-224.0	39.31	-27.44	55.06	307.51	-52.49	0.720	-0.210	38.590	-27.230	-10976.000	-10892.000
2015	12	3	4	30	1	337	290.0	-232.0	32.12	-30.05	55.07	307.50	-52.50	0.700	-0.210	31.420	-29.840	-12020.000	-11936.000
2015	12	3	4	30	1	337	290.0	-240.0	39.81	-30.14	55.06	307.51	-52.49	0.720	-0.210	39.090	-29.930	-12056.000	-11972.000
2015	12	3	4	30	1	337	290.0	-248.0	29.41	-36.94	55.06	307.51	-52.49	0.720	-0.210	28.690	-36.730	-14776.000	-14692.000
2015	12	3	4	30	1	337	290.0	-256.0	35.91	-42.74	55.06	307.51	-52.49	0.720	-0.210	35.190	-42.530	-17096.000	-17012.000
2015	12	3	4	30	1	337	290.0	-264.0	32.81	-33.64	55.06	307.51	-52.49	0.720	-0.210	32.090	-33.430	-13456.000	-13372.000
2015	12	3	4	30	1	337	290.0	-272.0	38.21	-36.24	55.06	307.51	-52.49	0.720	-0.210	37.490	-36.030	-14496.000	-14412.000
2015	12	3	4	30	1	337	290.0	-280.0	40.51	-39.14	55.06	307.51	-52.49	0.720	-0.210	39.790	-38.930	-15656.000	-15572.000
2015	12	3	4	30	1	337	290.0	-288.0	39.51	-35.14	55.06	307.51	-52.49	0.720	-0.210	38.790	-34.930	-14056.000	-13972.000
2015	12	3	4	30	1	337	290.0	-296.0	32.31	-36.34	55.06	307.51	-52.49	0.720	-0.210	31.590	-36.130	-14536.000	-14452.000
2015	12	3	4	30	1	337	290.0	-304.0	40.71	-33.64	55.06	307.51	-52.49	0.720	-0.210	39.990	-33.430	-13456.000	-13372.000
2015	12	3	4	30	1	337	290.0	-312.0	40.51	-42.24	55.06	307.51	-52.49	0.720	-0.210	39.790	-42.030	-16896.000	-16812.000
2015	12	3	4	30	1	337	290.0	-320.0	36.91	-43.24	55.06	307.51	-52.49	0.720	-0.210	36.190	-43.030	-17296.000	-17212.000
2015	12	3	4	30	1	337	290.0	-344.0	41.71	-33.84	55.06	307.51	-52.49	0.720	-0.210	40.990	-33.630	-13536.000	-13452.000
2015	12	3	5	20	1	337	295.0	-48.0	36.56	-20.72	55.06	307.52	-52.48	1.450	-1.000	35.110	-19.720	-8288.000	-7888.000
2015	12	3	5	20	1	337	295.0	-56.0	37.46	-29.72	55.06	307.52	-52.48	1.450	-1.000	36.010	-28.720	-11888.000	-11488.000
2015	12	3	5	20	1	337	295.0	-80.0	36.36	-20.22	55.06	307.52	-52.48	1.450	-1.000	34.910	-19.220	-8088.000	-7688.000
2015	12	3	5	20	1	337	295.0	-88.0	36.36	-11.82	55.06	307.52	-52.48	1.450	-1.000	34.910	-10.820	-4728.000	-4328.000
2015	12	3	5	20	1	337	295.0	-96.0	31.06	-25.22	55.06	307.52	-52.48	1.450	-1.000	29.610	-24.220	-10088.000	-9688.000
