year	mon	day	hr	min	sec	deciday	distance(5Km_bin)	depth(m)	U_Vel(cm/s)	V_Vel(cm/s)	Latitude	Longitude(360deg)	Longitude	U_Tide(cm/s)	V_Tide(cm/s)	U_Vel-U_Tide(cm/s)	V_Vel-V_Tide(cm/s)	Vol_Transport_V_Raw(m^3/s)	Vol_Transport_V_Raw-V_Tide(m^3/s)
2011	11	22	14	4	1	326	5.0	-32.0	-8.53	-22.07	53.23	304.35	-55.65	0.440	-1.790	-8.970	-20.280	-8828.000	-8112.000
2011	11	22	14	4	1	326	5.0	-48.0	-2.93	-20.07	53.23	304.35	-55.65	0.440	-1.790	-3.370	-18.280	-8028.000	-7312.000
2011	11	22	14	4	1	326	5.0	-56.0	-1.54	-28.05	53.26	304.39	-55.61	0.700	-1.780	-2.240	-26.270	-11220.000	-10508.000
2011	11	22	14	4	1	326	5.0	-64.0	-4.24	-11.75	53.26	304.39	-55.61	0.700	-1.780	-4.940	-9.970	-4700.000	-3988.000
2011	11	22	14	4	1	326	5.0	-88.0	-1.64	-9.15	53.26	304.39	-55.61	0.700	-1.780	-2.340	-7.370	-3660.000	-2948.000
2011	11	22	14	4	1	326	5.0	-96.0	-3.24	-2.85	53.26	304.39	-55.61	0.700	-1.780	-3.940	-1.070	-1140.000	-428.000
2011	11	22	14	4	1	326	5.0	-104.0	12.36	4.35	53.26	304.39	-55.61	0.700	-1.780	11.660	6.130	1740.000	2452.000
2011	11	22	14	19	1	326	10.0	-32.0	-0.07	-29.58	53.29	304.43	-55.57	0.570	-1.500	-0.640	-28.080	-11832.000	-11232.000
2011	11	22	14	19	1	326	10.0	-48.0	5.93	-35.98	53.29	304.43	-55.57	0.570	-1.500	5.360	-34.480	-14392.000	-13792.000
2011	11	22	14	19	1	326	10.0	-56.0	0.51	-37.25	53.29	304.44	-55.56	0.620	-1.490	-0.110	-35.760	-14900.000	-14304.000
2011	11	22	14	19	1	326	10.0	-64.0	-8.37	-32.28	53.29	304.43	-55.57	0.570	-1.500	-8.940	-30.780	-12912.000	-12312.000
2011	11	22	14	19	1	326	10.0	-72.0	7.46	-31.55	53.29	304.44	-55.56	0.620	-1.490	6.840	-30.060	-12620.000	-12024.000
2011	11	22	14	19	1	326	10.0	-80.0	-0.34	-25.80	53.29	304.44	-55.56	0.620	-1.490	-0.960	-24.310	-10320.000	-9724.000
2011	11	22	14	19	1	326	10.0	-88.0	4.03	-15.78	53.29	304.43	-55.57	0.570	-1.500	3.460	-14.280	-6312.000	-5712.000
2011	11	22	14	19	1	326	10.0	-96.0	3.93	-14.68	53.29	304.43	-55.57	0.570	-1.500	3.360	-13.180	-5872.000	-5272.000
2011	11	22	15	14	1	326	15.0	-32.0	7.31	-69.57	53.33	304.50	-55.50	-0.800	0.500	8.110	-70.070	-27828.000	-28028.000
2011	11	22	15	14	1	326	15.0	-40.0	8.31	-62.87	53.33	304.50	-55.50	-0.800	0.500	9.110	-63.370	-25148.000	-25348.000
2011	11	22	15	14	1	326	15.0	-48.0	12.09	-57.90	53.33	304.50	-55.50	-0.800	0.500	12.890	-58.400	-23160.000	-23360.000
2011	11	22	15	14	1	326	15.0	-56.0	11.93	-53.30	53.33	304.50	-55.50	-0.800	0.500	12.730	-53.800	-21320.000	-21520.000
2011	11	22	15	14	1	326	15.0	-64.0	10.08	-49.15	53.33	304.50	-55.50	-0.800	0.500	10.880	-49.650	-19660.000	-19860.000
2011	11	22	15	14	1	326	15.0	-72.0	10.45	-44.74	53.33	304.50	-55.50	-0.800	0.500	11.250	-45.240	-17896.000	-18096.000
2011	11	22	15	14	1	326	15.0	-80.0	7.94	-47.67	53.33	304.50	-55.50	-0.800	0.500	8.740	-48.170	-19068.000	-19268.000
2011	11	22	15	14	1	326	15.0	-88.0	4.49	-50.13	53.33	304.50	-55.50	-0.800	0.500	5.290	-50.630	-20052.000	-20252.000
2011	11	22	15	14	1	326	15.0	-96.0	5.89	-49.61	53.33	304.50	-55.50	-0.800	0.500	6.690	-50.110	-19844.000	-20044.000
2011	11	22	15	14	1	326	15.0	-104.0	4.26	-45.71	53.33	304.50	-55.50	-0.800	0.500	5.060	-46.210	-18284.000	-18484.000
2011	11	22	15	14	1	326	15.0	-112.0	8.17	-36.16	53.33	304.50	-55.50	-0.800	0.500	8.970	-36.660	-14464.000	-14664.000
2011	11	22	16	3	1	326	20.0	-56.0	6.20	-53.79	53.33	304.52	-55.48	-1.870	2.480	8.070	-56.270	-21516.000	-22508.000
2011	11	22	16	3	1	326	20.0	-64.0	10.70	-49.09	53.33	304.52	-55.48	-1.870	2.480	12.570	-51.570	-19636.000	-20628.000
2011	11	22	16	56	1	326	30.0	-32.0	6.41	-45.31	53.41	304.65	-55.35	-3.790	4.560	10.200	-49.870	-18124.000	-19948.000
2011	11	22	16	56	1	326	30.0	-40.0	10.82	-35.73	53.41	304.65	-55.35	-3.790	4.560	14.610	-40.290	-14292.000	-16116.000
2011	11	22	16	56	1	326	30.0	-48.0	-1.08	-33.71	53.41	304.65	-55.35	-3.790	4.560	2.710	-38.270	-13484.000	-15308.000
2011	11	22	16	56	1	326	30.0	-56.0	3.49	-37.43	53.41	304.65	-55.35	-3.790	4.560	7.280	-41.990	-14972.000	-16796.000
2011	11	22	16	56	1	326	30.0	-64.0	0.50	-35.94	53.41	304.65	-55.35	-3.790	4.560	4.290	-40.500	-14376.000	-16200.000
2011	11	22	16	56	1	326	30.0	-72.0	3.22	-37.63	53.41	304.65	-55.35	-3.790	4.560	7.010	-42.190	-15052.000	-16876.000
2011	11	22	16	56	1	326	30.0	-80.0	7.76	-33.30	53.41	304.65	-55.35	-3.790	4.560	11.550	-37.860	-13320.000	-15144.000
2011	11	22	16	56	1	326	30.0	-88.0	10.45	-35.52	53.41	304.65	-55.35	-3.790	4.560	14.240	-40.080	-14208.000	-16032.000
2011	11	22	16	56	1	326	30.0	-96.0	10.01	-31.00	53.41	304.65	-55.35	-3.790	4.560	13.800	-35.560	-12400.000	-14224.000
2011	11	22	16	56	1	326	30.0	-104.0	8.40	-27.78	53.41	304.65	-55.35	-3.790	4.560	12.190	-32.340	-11112.000	-12936.000
2011	11	22	16	56	1	326	30.0	-112.0	11.53	-29.62	53.41	304.65	-55.35	-3.790	4.560	15.320	-34.180	-11848.000	-13672.000
2011	11	22	16	56	1	326	30.0	-120.0	7.93	-26.98	53.41	304.65	-55.35	-3.790	4.560	11.720	-31.540	-10792.000	-12616.000
2011	11	22	16	56	1	326	30.0	-128.0	5.87	-26.32	53.41	304.65	-55.35	-3.790	4.560	9.660	-30.880	-10528.000	-12352.000
2011	11	22	18	48	1	326	50.0	-40.0	-2.42	-8.95	53.53	304.85	-55.15	-3.800	4.820	1.380	-13.770	-3580.000	-5508.000
2011	11	22	18	48	1	326	50.0	-48.0	10.48	-12.55	53.53	304.85	-55.15	-3.800	4.820	14.280	-17.370	-5020.000	-6948.000
2011	11	22	18	48	1	326	50.0	-56.0	4.58	-26.63	53.53	304.86	-55.14	-3.860	4.850	8.440	-31.480	-10652.000	-12592.000
2011	11	22	18	48	1	326	50.0	-64.0	1.33	-19.63	53.53	304.86	-55.14	-3.860	4.850	5.190	-24.480	-7852.000	-9792.000
2011	11	22	18	48	1	326	50.0	-72.0	-8.67	-18.94	53.53	304.86	-55.14	-3.860	4.850	-4.810	-23.790	-7576.000	-9516.000
2011	11	22	18	48	1	326	50.0	-80.0	-6.62	-22.68	53.53	304.86	-55.14	-3.860	4.850	-2.760	-27.530	-9072.000	-11012.000
2011	11	22	18	48	1	326	50.0	-88.0	-6.00	-18.94	53.53	304.86	-55.14	-3.860	4.850	-2.140	-23.790	-7576.000	-9516.000
2011	11	22	18	48	1	326	50.0	-96.0	3.81	-25.39	53.53	304.86	-55.14	-3.860	4.850	7.670	-30.240	-10156.000	-12096.000
2011	11	22	18	48	1	326	50.0	-104.0	5.78	-26.33	53.53	304.86	-55.14	-3.860	4.850	9.640	-31.180	-10532.000	-12472.000
2011	11	22	18	48	1	326	50.0	-112.0	-0.02	-25.01	53.53	304.87	-55.13	-3.920	4.880	3.900	-29.890	-10004.000	-11956.000
2011	11	22	18	48	1	326	50.0	-120.0	-1.72	-23.01	53.53	304.87	-55.13	-3.920	4.880	2.200	-27.890	-9204.000	-11156.000
2011	11	22	18	48	1	326	50.0	-128.0	1.88	-27.01	53.53	304.87	-55.13	-3.920	4.880	5.800	-31.890	-10804.000	-12756.000
2011	11	22	18	48	1	326	50.0	-136.0	0.58	-27.11	53.53	304.87	-55.13	-3.920	4.880	4.500	-31.990	-10844.000	-12796.000
2011	11	22	18	48	1	326	50.0	-144.0	2.38	-26.11	53.53	304.87	-55.13	-3.920	4.880	6.300	-30.990	-10444.000	-12396.000
2011	11	22	18	48	1	326	50.0	-152.0	6.88	-29.01	53.53	304.87	-55.13	-3.920	4.880	10.800	-33.890	-11604.000	-13556.000
2011	11	22	18	48	1	326	50.0	-160.0	1.18	-21.01	53.53	304.87	-55.13	-3.920	4.880	5.100	-25.890	-8404.000	-10356.000
2011	11	22	20	15	1	326	65.0	-64.0	-2.91	7.88	53.62	305.01	-54.99	-0.990	2.970	-1.920	4.910	3152.000	1964.000
2011	11	22	20	15	1	326	65.0	-72.0	-9.60	1.16	53.62	305.00	-55.00	-0.990	2.920	-8.610	-1.760	464.000	-704.000
2011	11	22	20	15	1	326	65.0	-80.0	-18.41	-0.72	53.62	305.01	-54.99	-0.990	2.970	-17.420	-3.690	-288.000	-1476.000
2011	11	22	20	15	1	326	65.0	-88.0	-13.01	-4.02	53.62	305.01	-54.99	-0.990	2.970	-12.020	-6.990	-1608.000	-2796.000
2011	11	22	20	15	1	326	65.0	-112.0	-6.31	3.38	53.62	305.01	-54.99	-0.990	2.970	-5.320	0.410	1352.000	164.000
2011	11	22	20	15	1	326	65.0	-120.0	-14.21	8.28	53.62	305.01	-54.99	-0.990	2.970	-13.220	5.310	3312.000	2124.000
2011	11	22	20	15	1	326	65.0	-128.0	-13.35	7.37	53.62	305.01	-54.99	-0.990	2.970	-12.360	4.400	2948.000	1760.000
2011	11	22	20	15	1	326	65.0	-136.0	-12.91	-0.92	53.62	305.01	-54.99	-0.990	2.970	-11.920	-3.890	-368.000	-1556.000
2011	11	22	20	15	1	326	65.0	-200.0	-17.31	-2.02	53.62	305.01	-54.99	-0.990	2.970	-16.320	-4.990	-808.000	-1996.000
2011	11	22	20	15	1	326	65.0	-208.0	-21.51	3.58	53.62	305.01	-54.99	-0.990	2.970	-20.520	0.610	1432.000	244.000
2011	11	22	20	15	1	326	65.0	-216.0	-23.91	2.78	53.62	305.01	-54.99	-0.990	2.970	-22.920	-0.190	1112.000	-76.000
2011	11	22	21	47	1	326	85.0	-32.0	5.11	-0.01	53.76	305.22	-54.78	4.520	0.710	0.590	-0.720	-4.000	-288.000
2011	11	22	21	47	1	326	85.0	-40.0	1.62	-10.81	53.76	305.22	-54.78	4.520	0.710	-2.900	-11.520	-4324.000	-4608.000
2011	11	22	21	47	1	326	85.0	-48.0	2.57	-16.86	53.76	305.23	-54.77	4.530	0.760	-1.960	-17.620	-6744.000	-7048.000
2011	11	22	21	47	1	326	85.0	-56.0	-2.93	-9.30	53.76	305.23	-54.77	4.530	0.760	-7.460	-10.060	-3720.000	-4024.000
2011	11	22	21	47	1	326	85.0	-64.0	-0.27	-7.27	53.76	305.24	-54.76	4.550	0.810	-4.820	-8.080	-2908.000	-3232.000
2011	11	22	21	47	1	326	85.0	-72.0	0.10	-5.37	53.76	305.23	-54.77	4.530	0.760	-4.430	-6.130	-2148.000	-2452.000
2011	11	22	21	47	1	326	85.0	-80.0	-1.80	-9.18	53.76	305.23	-54.77	4.530	0.760	-6.330	-9.940	-3672.000	-3976.000
2011	11	22	21	47	1	326	85.0	-88.0	0.78	-12.23	53.76	305.23	-54.77	4.530	0.760	-3.750	-12.990	-4892.000	-5196.000
2011	11	22	21	47	1	326	85.0	-96.0	8.38	-11.18	53.76	305.23	-54.77	4.530	0.760	3.850	-11.940	-4472.000	-4776.000
2011	11	22	21	47	1	326	85.0	-104.0	3.11	-16.08	53.76	305.23	-54.77	4.530	0.760	-1.420	-16.840	-6432.000	-6736.000
2011	11	22	21	47	1	326	85.0	-112.0	-2.92	-16.60	53.76	305.23	-54.77	4.530	0.760	-7.450	-17.360	-6640.000	-6944.000
2011	11	22	21	47	1	326	85.0	-120.0	-3.03	-15.61	53.76	305.23	-54.77	4.530	0.760	-7.560	-16.370	-6244.000	-6548.000
2011	11	22	21	47	1	326	85.0	-128.0	-4.18	-8.25	53.76	305.23	-54.77	4.530	0.760	-8.710	-9.010	-3300.000	-3604.000
2011	11	22	21	47	1	326	85.0	-136.0	-7.00	-5.00	53.76	305.23	-54.77	4.530	0.760	-11.530	-5.760	-2000.000	-2304.000
2011	11	22	23	31	1	326	110.0	-48.0	30.96	-20.82	53.92	305.49	-54.51	8.760	-3.050	22.200	-17.770	-8328.000	-7108.000
2011	11	22	23	31	1	326	110.0	-56.0	26.64	-22.89	53.92	305.49	-54.51	8.760	-3.050	17.880	-19.840	-9156.000	-7936.000
2011	11	22	23	31	1	326	110.0	-64.0	26.04	-19.69	53.92	305.49	-54.51	8.760	-3.050	17.280	-16.640	-7876.000	-6656.000
2011	11	22	23	31	1	326	110.0	-72.0	24.99	-23.64	53.92	305.49	-54.51	8.760	-3.050	16.230	-20.590	-9456.000	-8236.000
2011	11	22	23	31	1	326	110.0	-80.0	24.89	-17.74	53.92	305.49	-54.51	8.760	-3.050	16.130	-14.690	-7096.000	-5876.000
2011	11	22	23	31	1	326	110.0	-88.0	23.04	-20.09	53.92	305.49	-54.51	8.760	-3.050	14.280	-17.040	-8036.000	-6816.000
2011	11	22	23	31	1	326	110.0	-96.0	24.34	-21.99	53.92	305.49	-54.51	8.760	-3.050	15.580	-18.940	-8796.000	-7576.000
2011	11	22	23	31	1	326	110.0	-104.0	25.14	-23.99	53.92	305.49	-54.51	8.760	-3.050	16.380	-20.940	-9596.000	-8376.000
2011	11	22	23	31	1	326	110.0	-112.0	24.79	-17.64	53.92	305.49	-54.51	8.760	-3.050	16.030	-14.590	-7056.000	-5836.000
2011	11	22	23	31	1	326	110.0	-120.0	23.24	-18.89	53.92	305.49	-54.51	8.760	-3.050	14.480	-15.840	-7556.000	-6336.000
2011	11	22	23	31	1	326	110.0	-128.0	26.14	-23.89	53.92	305.49	-54.51	8.760	-3.050	17.380	-20.840	-9556.000	-8336.000
2011	11	22	23	31	1	326	110.0	-136.0	16.63	-22.47	53.91	305.50	-54.50	8.750	-3.020	7.880	-19.450	-8988.000	-7780.000
2011	11	23	1	33	1	327	135.0	-32.0	10.88	-25.45	54.08	305.80	-54.20	6.150	-6.500	4.730	-18.950	-10180.000	-7580.000
2011	11	23	1	33	1	327	135.0	-40.0	19.00	-20.43	54.08	305.79	-54.21	6.110	-6.490	12.890	-13.940	-8172.000	-5576.000
2011	11	23	1	33	1	327	135.0	-48.0	21.46	-15.60	54.08	305.79	-54.21	6.110	-6.490	15.350	-9.110	-6240.000	-3644.000
2011	11	23	1	33	1	327	135.0	-56.0	19.69	-13.18	54.08	305.79	-54.21	6.110	-6.490	13.580	-6.690	-5272.000	-2676.000
2011	11	23	1	33	1	327	135.0	-64.0	17.69	-8.96	54.08	305.79	-54.21	6.110	-6.490	11.580	-2.470	-3584.000	-988.000
2011	11	23	1	33	1	327	135.0	-72.0	21.79	-11.40	54.08	305.79	-54.21	6.110	-6.490	15.680	-4.910	-4560.000	-1964.000
2011	11	23	1	33	1	327	135.0	-80.0	26.73	-8.93	54.08	305.79	-54.21	6.110	-6.490	20.620	-2.440	-3572.000	-976.000
2011	11	23	1	33	1	327	135.0	-88.0	20.01	-12.20	54.08	305.79	-54.21	6.110	-6.490	13.900	-5.710	-4880.000	-2284.000
2011	11	23	1	33	1	327	135.0	-96.0	17.59	-10.93	54.08	305.79	-54.21	6.110	-6.490	11.480	-4.440	-4372.000	-1776.000
2011	11	23	1	33	1	327	135.0	-104.0	17.80	-12.67	54.08	305.78	-54.22	6.070	-6.480	11.730	-6.190	-5068.000	-2476.000
2011	11	23	1	33	1	327	135.0	-112.0	21.45	-17.05	54.08	305.79	-54.21	6.110	-6.490	15.340	-10.560	-6820.000	-4224.000
2011	11	23	1	33	1	327	135.0	-120.0	26.76	-13.93	54.08	305.79	-54.21	6.110	-6.490	20.650	-7.440	-5572.000	-2976.000
2011	11	23	1	33	1	327	135.0	-128.0	23.45	-18.28	54.08	305.79	-54.21	6.110	-6.490	17.340	-11.790	-7312.000	-4716.000
2011	11	23	1	33	1	327	135.0	-136.0	18.90	-16.43	54.08	305.79	-54.21	6.110	-6.490	12.790	-9.940	-6572.000	-3976.000
2011	11	23	1	33	1	327	135.0	-144.0	22.23	-12.13	54.08	305.79	-54.21	6.110	-6.490	16.120	-5.640	-4852.000	-2256.000
2011	11	23	1	33	1	327	135.0	-152.0	21.33	-12.50	54.08	305.79	-54.21	6.110	-6.490	15.220	-6.010	-5000.000	-2404.000
2011	11	23	3	44	1	327	155.0	-32.0	1.29	-3.48	54.20	306.00	-54.00	-4.220	-5.100	5.510	1.620	-1392.000	648.000
2011	11	23	3	44	1	327	155.0	-40.0	4.38	-4.46	54.20	306.00	-54.00	-4.220	-5.100	8.600	0.640	-1784.000	256.000
2011	11	23	3	44	1	327	155.0	-48.0	1.23	-7.42	54.20	306.00	-54.00	-4.220	-5.100	5.450	-2.320	-2968.000	-928.000
2011	11	23	3	44	1	327	155.0	-56.0	2.42	-9.33	54.20	306.00	-54.00	-4.220	-5.100	6.640	-4.230	-3732.000	-1692.000
2011	11	23	3	44	1	327	155.0	-64.0	-2.91	-9.62	54.20	306.00	-54.00	-4.220	-5.100	1.310	-4.520	-3848.000	-1808.000
2011	11	23	3	44	1	327	155.0	-72.0	-0.77	-6.78	54.20	306.00	-54.00	-4.220	-5.100	3.450	-1.680	-2712.000	-672.000
2011	11	23	3	44	1	327	155.0	-80.0	-2.95	-9.96	54.20	306.00	-54.00	-4.220	-5.100	1.270	-4.860	-3984.000	-1944.000
2011	11	23	3	44	1	327	155.0	-88.0	-0.82	-11.22	54.20	306.00	-54.00	-4.220	-5.100	3.400	-6.120	-4488.000	-2448.000
2011	11	23	3	44	1	327	155.0	-96.0	5.09	-11.53	54.20	306.00	-54.00	-4.220	-5.100	9.310	-6.430	-4612.000	-2572.000
2011	11	23	3	44	1	327	155.0	-104.0	7.48	-11.92	54.20	306.00	-54.00	-4.220	-5.100	11.700	-6.820	-4768.000	-2728.000
2011	11	23	3	44	1	327	155.0	-112.0	8.74	-13.82	54.20	306.00	-54.00	-4.220	-5.100	12.960	-8.720	-5528.000	-3488.000
2011	11	23	3	44	1	327	155.0	-120.0	8.10	-14.54	54.20	306.00	-54.00	-4.220	-5.100	12.320	-9.440	-5816.000	-3776.000
2011	11	23	3	44	1	327	155.0	-128.0	4.71	-18.22	54.20	306.00	-54.00	-4.220	-5.100	8.930	-13.120	-7288.000	-5248.000
2011	11	23	3	44	1	327	155.0	-136.0	7.09	-17.05	54.20	306.00	-54.00	-4.220	-5.100	11.310	-11.950	-6820.000	-4780.000
2011	11	23	3	44	1	327	155.0	-144.0	8.85	-10.94	54.20	306.00	-54.00	-4.220	-5.100	13.070	-5.840	-4376.000	-2336.000
2011	11	23	3	44	1	327	155.0	-152.0	10.46	-11.83	54.20	306.00	-54.00	-4.220	-5.100	14.680	-6.730	-4732.000	-2692.000
2011	11	23	3	44	1	327	155.0	-160.0	10.28	-12.79	54.20	306.00	-54.00	-4.220	-5.100	14.500	-7.690	-5116.000	-3076.000
2011	11	23	3	44	1	327	155.0	-168.0	8.57	-15.27	54.20	306.00	-54.00	-4.220	-5.100	12.790	-10.170	-6108.000	-4068.000
2011	11	23	3	44	1	327	155.0	-176.0	8.17	-14.63	54.20	306.00	-54.00	-4.220	-5.100	12.390	-9.530	-5852.000	-3812.000
2011	11	23	6	26	1	327	180.0	-48.0	8.33	-0.42	54.36	306.27	-53.73	-12.810	3.140	21.140	-3.560	-168.000	-1424.000
2011	11	23	6	26	1	327	180.0	-56.0	-8.73	1.13	54.36	306.27	-53.73	-12.810	3.140	4.080	-2.010	452.000	-804.000
2011	11	23	6	26	1	327	180.0	-64.0	-3.03	3.13	54.36	306.27	-53.73	-12.810	3.140	9.780	-0.010	1252.000	-4.000
2011	11	23	6	26	1	327	180.0	-72.0	-7.72	3.33	54.36	306.27	-53.73	-12.810	3.140	5.090	0.190	1332.000	76.000
2011	11	23	6	26	1	327	180.0	-80.0	8.98	-7.47	54.36	306.27	-53.73	-12.810	3.140	21.790	-10.610	-2988.000	-4244.000
2011	11	23	6	26	1	327	180.0	-88.0	8.27	-4.97	54.36	306.27	-53.73	-12.810	3.140	21.080	-8.110	-1988.000	-3244.000
2011	11	23	6	26	1	327	180.0	-96.0	13.18	-0.27	54.36	306.27	-53.73	-12.810	3.140	25.990	-3.410	-108.000	-1364.000
2011	11	23	6	26	1	327	180.0	-104.0	10.07	-18.17	54.36	306.27	-53.73	-12.810	3.140	22.880	-21.310	-7268.000	-8524.000
2011	11	23	6	26	1	327	180.0	-112.0	4.88	-21.87	54.36	306.27	-53.73	-12.810	3.140	17.690	-25.010	-8748.000	-10004.000
2011	11	23	6	26	1	327	180.0	-120.0	13.93	-18.82	54.36	306.27	-53.73	-12.810	3.140	26.740	-21.960	-7528.000	-8784.000
2011	11	23	6	26	1	327	180.0	-128.0	-2.72	-16.97	54.36	306.27	-53.73	-12.810	3.140	10.090	-20.110	-6788.000	-8044.000
2011	11	23	6	26	1	327	180.0	-136.0	-9.52	-16.47	54.36	306.27	-53.73	-12.810	3.140	3.290	-19.610	-6588.000	-7844.000
2011	11	23	6	26	1	327	180.0	-144.0	-12.43	-13.97	54.36	306.27	-53.73	-12.810	3.140	0.380	-17.110	-5588.000	-6844.000
2011	11	23	6	26	1	327	180.0	-152.0	-9.22	-7.92	54.36	306.27	-53.73	-12.810	3.140	3.590	-11.060	-3168.000	-4424.000
2011	11	23	6	26	1	327	180.0	-160.0	-14.23	-10.47	54.36	306.27	-53.73	-12.810	3.140	-1.420	-13.610	-4188.000	-5444.000
2011	11	23	6	26	1	327	180.0	-168.0	-5.72	-7.52	54.36	306.27	-53.73	-12.810	3.140	7.090	-10.660	-3008.000	-4264.000
2011	11	23	6	26	1	327	180.0	-176.0	-15.93	-10.27	54.36	306.27	-53.73	-12.810	3.140	-3.120	-13.410	-4108.000	-5364.000
2011	11	23	6	26	1	327	180.0	-184.0	-16.42	-7.67	54.36	306.27	-53.73	-12.810	3.140	-3.610	-10.810	-3068.000	-4324.000
2011	11	23	6	26	1	327	180.0	-192.0	-12.52	-8.37	54.36	306.27	-53.73	-12.810	3.140	0.290	-11.510	-3348.000	-4604.000
2011	11	23	8	5	1	327	200.0	-32.0	50.08	-30.91	54.50	306.51	-53.49	-6.800	6.350	56.880	-37.260	-12364.000	-14904.000
2011	11	23	8	5	1	327	200.0	-40.0	40.78	-26.71	54.50	306.51	-53.49	-6.800	6.350	47.580	-33.060	-10684.000	-13224.000
2011	11	23	8	5	1	327	200.0	-48.0	35.58	-31.11	54.50	306.51	-53.49	-6.800	6.350	42.380	-37.460	-12444.000	-14984.000
2011	11	23	8	5	1	327	200.0	-56.0	43.08	-29.31	54.50	306.51	-53.49	-6.800	6.350	49.880	-35.660	-11724.000	-14264.000
2011	11	23	8	5	1	327	200.0	-64.0	43.61	-21.48	54.50	306.51	-53.49	-6.800	6.350	50.410	-27.830	-8592.000	-11132.000
2011	11	23	8	5	1	327	200.0	-72.0	46.19	-25.51	54.50	306.51	-53.49	-6.800	6.350	52.990	-31.860	-10204.000	-12744.000
2011	11	23	8	5	1	327	200.0	-88.0	37.11	-25.33	54.50	306.51	-53.49	-6.800	6.350	43.910	-31.680	-10132.000	-12672.000
2011	11	23	8	5	1	327	200.0	-96.0	31.39	-26.61	54.50	306.51	-53.49	-6.800	6.350	38.190	-32.960	-10644.000	-13184.000
2011	11	23	8	5	1	327	200.0	-104.0	29.66	-31.33	54.50	306.51	-53.49	-6.800	6.350	36.460	-37.680	-12532.000	-15072.000
2011	11	23	8	5	1	327	200.0	-112.0	27.16	-21.73	54.50	306.51	-53.49	-6.800	6.350	33.960	-28.080	-8692.000	-11232.000
2011	11	23	8	5	1	327	200.0	-120.0	21.76	-23.53	54.50	306.51	-53.49	-6.800	6.350	28.560	-29.880	-9412.000	-11952.000
2011	11	23	8	5	1	327	200.0	-128.0	20.99	-18.71	54.50	306.51	-53.49	-6.800	6.350	27.790	-25.060	-7484.000	-10024.000
2011	11	23	8	5	1	327	200.0	-136.0	14.69	-26.61	54.50	306.51	-53.49	-6.800	6.350	21.490	-32.960	-10644.000	-13184.000
2011	11	23	8	5	1	327	200.0	-144.0	14.78	-17.31	54.50	306.51	-53.49	-6.800	6.350	21.580	-23.660	-6924.000	-9464.000
2011	11	23	8	5	1	327	200.0	-152.0	2.68	-15.11	54.50	306.51	-53.49	-6.800	6.350	9.480	-21.460	-6044.000	-8584.000
2011	11	23	8	5	1	327	200.0	-160.0	7.49	-11.61	54.50	306.51	-53.49	-6.800	6.350	14.290	-17.960	-4644.000	-7184.000
2011	11	23	8	5	1	327	200.0	-168.0	10.41	-13.33	54.50	306.51	-53.49	-6.800	6.350	17.210	-19.680	-5332.000	-7872.000
2011	11	23	8	5	1	327	200.0	-176.0	10.59	-15.71	54.50	306.51	-53.49	-6.800	6.350	17.390	-22.060	-6284.000	-8824.000
2011	11	23	8	5	1	327	200.0	-184.0	18.06	-16.28	54.50	306.51	-53.49	-6.800	6.350	24.860	-22.630	-6512.000	-9052.000
2011	11	23	8	5	1	327	200.0	-192.0	0.49	-11.11	54.50	306.51	-53.49	-6.800	6.350	7.290	-17.460	-4444.000	-6984.000
2011	11	23	8	5	1	327	200.0	-200.0	7.28	-6.61	54.50	306.51	-53.49	-6.800	6.350	14.080	-12.960	-2644.000	-5184.000
2011	11	23	8	5	1	327	200.0	-208.0	2.09	-6.91	54.50	306.51	-53.49	-6.800	6.350	8.890	-13.260	-2764.000	-5304.000
2011	11	23	8	5	1	327	200.0	-216.0	0.28	-2.71	54.50	306.51	-53.49	-6.800	6.350	7.080	-9.060	-1084.000	-3624.000
2011	11	23	8	5	1	327	200.0	-224.0	9.59	-4.01	54.50	306.51	-53.49	-6.800	6.350	16.390	-10.360	-1604.000	-4144.000
2011	11	23	8	5	1	327	200.0	-232.0	4.28	-12.71	54.50	306.51	-53.49	-6.800	6.350	11.080	-19.060	-5084.000	-7624.000
2011	11	23	8	5	1	327	200.0	-240.0	3.88	-6.71	54.50	306.51	-53.49	-6.800	6.350	10.680	-13.060	-2684.000	-5224.000
2011	11	23	8	5	1	327	200.0	-248.0	11.28	-11.41	54.50	306.51	-53.49	-6.800	6.350	18.080	-17.760	-4564.000	-7104.000
2011	11	23	8	5	1	327	200.0	-256.0	0.19	-7.91	54.50	306.51	-53.49	-6.800	6.350	6.990	-14.260	-3164.000	-5704.000
2011	11	23	8	5	1	327	200.0	-264.0	-3.41	-9.01	54.50	306.51	-53.49	-6.800	6.350	3.390	-15.360	-3604.000	-6144.000
2011	11	23	8	5	1	327	200.0	-272.0	-0.62	-1.41	54.50	306.51	-53.49	-6.800	6.350	6.180	-7.760	-564.000	-3104.000
2011	11	23	8	5	1	327	200.0	-280.0	-3.91	-3.61	54.50	306.51	-53.49	-6.800	6.350	2.890	-9.960	-1444.000	-3984.000
2011	11	23	8	23	1	327	210.0	-32.0	36.08	-23.10	54.54	306.58	-53.42	-4.530	5.790	40.610	-28.890	-9240.000	-11556.000
2011	11	23	8	23	1	327	210.0	-56.0	34.38	-28.00	54.54	306.58	-53.42	-4.530	5.790	38.910	-33.790	-11200.000	-13516.000
2011	11	23	8	23	1	327	210.0	-64.0	35.08	-25.30	54.54	306.58	-53.42	-4.530	5.790	39.610	-31.090	-10120.000	-12436.000
2011	11	23	8	23	1	327	210.0	-72.0	36.88	-15.60	54.54	306.58	-53.42	-4.530	5.790	41.410	-21.390	-6240.000	-8556.000
2011	11	23	8	23	1	327	210.0	-80.0	29.98	-30.80	54.54	306.58	-53.42	-4.530	5.790	34.510	-36.590	-12320.000	-14636.000
2011	11	23	8	23	1	327	210.0	-88.0	33.58	-35.80	54.54	306.58	-53.42	-4.530	5.790	38.110	-41.590	-14320.000	-16636.000
2011	11	23	8	23	1	327	210.0	-96.0	30.48	-28.50	54.54	306.58	-53.42	-4.530	5.790	35.010	-34.290	-11400.000	-13716.000
2011	11	23	8	23	1	327	210.0	-112.0	33.28	-33.40	54.54	306.58	-53.42	-4.530	5.790	37.810	-39.190	-13360.000	-15676.000
2011	11	23	8	23	1	327	210.0	-128.0	26.98	-27.30	54.54	306.58	-53.42	-4.530	5.790	31.510	-33.090	-10920.000	-13236.000
2011	11	23	8	23	1	327	210.0	-144.0	26.48	-35.10	54.54	306.58	-53.42	-4.530	5.790	31.010	-40.890	-14040.000	-16356.000
2011	11	23	10	53	1	327	225.0	-32.0	40.92	-27.92	54.63	306.79	-53.21	4.820	-2.610	36.100	-25.310	-11168.000	-10124.000
2011	11	23	10	53	1	327	225.0	-40.0	33.12	-28.22	54.63	306.79	-53.21	4.820	-2.610	28.300	-25.610	-11288.000	-10244.000
2011	11	23	10	53	1	327	225.0	-48.0	21.62	-27.22	54.63	306.79	-53.21	4.820	-2.610	16.800	-24.610	-10888.000	-9844.000
2011	11	23	10	53	1	327	225.0	-56.0	13.22	-27.02	54.63	306.79	-53.21	4.820	-2.610	8.400	-24.410	-10808.000	-9764.000
2011	11	23	10	53	1	327	225.0	-64.0	4.32	-29.32	54.63	306.79	-53.21	4.820	-2.610	-0.500	-26.710	-11728.000	-10684.000
2011	11	23	10	53	1	327	225.0	-72.0	-8.18	-22.82	54.63	306.79	-53.21	4.820	-2.610	-13.000	-20.210	-9128.000	-8084.000
2011	11	23	10	53	1	327	225.0	-80.0	-0.08	-10.82	54.63	306.79	-53.21	4.820	-2.610	-4.900	-8.210	-4328.000	-3284.000
2011	11	23	10	53	1	327	225.0	-88.0	6.42	-18.02	54.63	306.79	-53.21	4.820	-2.610	1.600	-15.410	-7208.000	-6164.000
2011	11	23	10	53	1	327	225.0	-96.0	6.52	-8.42	54.63	306.79	-53.21	4.820	-2.610	1.700	-5.810	-3368.000	-2324.000
2011	11	23	10	53	1	327	225.0	-104.0	5.92	-21.72	54.63	306.79	-53.21	4.820	-2.610	1.100	-19.110	-8688.000	-7644.000
2011	11	23	10	53	1	327	225.0	-112.0	10.02	-27.02	54.63	306.79	-53.21	4.820	-2.610	5.200	-24.410	-10808.000	-9764.000
2011	11	23	10	53	1	327	225.0	-120.0	10.22	-23.92	54.63	306.79	-53.21	4.820	-2.610	5.400	-21.310	-9568.000	-8524.000
2011	11	23	10	53	1	327	225.0	-128.0	10.62	-15.22	54.63	306.79	-53.21	4.820	-2.610	5.800	-12.610	-6088.000	-5044.000
2011	11	23	10	53	1	327	225.0	-136.0	12.62	-22.62	54.63	306.79	-53.21	4.820	-2.610	7.800	-20.010	-9048.000	-8004.000
2011	11	23	10	53	1	327	225.0	-144.0	19.02	-17.92	54.63	306.79	-53.21	4.820	-2.610	14.200	-15.310	-7168.000	-6124.000
2011	11	23	10	53	1	327	225.0	-152.0	21.02	-18.82	54.63	306.79	-53.21	4.820	-2.610	16.200	-16.210	-7528.000	-6484.000
2011	11	23	10	53	1	327	225.0	-160.0	23.22	-27.42	54.63	306.79	-53.21	4.820	-2.610	18.400	-24.810	-10968.000	-9924.000
2011	11	23	10	53	1	327	225.0	-168.0	16.02	-25.02	54.63	306.79	-53.21	4.820	-2.610	11.200	-22.410	-10008.000	-8964.000
2011	11	23	10	53	1	327	225.0	-176.0	27.52	-33.32	54.63	306.79	-53.21	4.820	-2.610	22.700	-30.710	-13328.000	-12284.000
2011	11	23	10	53	1	327	225.0	-184.0	25.42	-20.72	54.63	306.79	-53.21	4.820	-2.610	20.600	-18.110	-8288.000	-7244.000
2011	11	23	10	53	1	327	225.0	-192.0	25.22	-24.82	54.63	306.79	-53.21	4.820	-2.610	20.400	-22.210	-9928.000	-8884.000
2011	11	23	10	53	1	327	225.0	-200.0	21.02	-11.02	54.63	306.79	-53.21	4.820	-2.610	16.200	-8.410	-4408.000	-3364.000
2011	11	23	10	53	1	327	225.0	-208.0	14.12	-20.12	54.63	306.79	-53.21	4.820	-2.610	9.300	-17.510	-8048.000	-7004.000
2011	11	23	10	53	1	327	225.0	-216.0	15.72	-23.02	54.63	306.79	-53.21	4.820	-2.610	10.900	-20.410	-9208.000	-8164.000
2011	11	23	10	53	1	327	225.0	-224.0	11.92	-18.52	54.63	306.79	-53.21	4.820	-2.610	7.100	-15.910	-7408.000	-6364.000
2011	11	23	10	53	1	327	225.0	-232.0	18.32	-19.62	54.63	306.79	-53.21	4.820	-2.610	13.500	-17.010	-7848.000	-6804.000
2011	11	23	10	53	1	327	225.0	-240.0	9.72	-20.22	54.63	306.79	-53.21	4.820	-2.610	4.900	-17.610	-8088.000	-7044.000
2011	11	23	10	53	1	327	225.0	-248.0	8.42	-19.82	54.63	306.79	-53.21	4.820	-2.610	3.600	-17.210	-7928.000	-6884.000
2011	11	23	10	53	1	327	225.0	-256.0	25.82	-13.92	54.63	306.79	-53.21	4.820	-2.610	21.000	-11.310	-5568.000	-4524.000
2011	11	23	10	53	1	327	225.0	-264.0	28.02	-16.32	54.63	306.79	-53.21	4.820	-2.610	23.200	-13.710	-6528.000	-5484.000
2011	11	23	10	53	1	327	225.0	-272.0	14.12	-23.42	54.63	306.79	-53.21	4.820	-2.610	9.300	-20.810	-9368.000	-8324.000
2011	11	23	10	53	1	327	225.0	-280.0	18.52	-20.22	54.63	306.79	-53.21	4.820	-2.610	13.700	-17.610	-8088.000	-7044.000
2011	11	23	10	53	1	327	225.0	-288.0	19.42	-16.12	54.63	306.79	-53.21	4.820	-2.610	14.600	-13.510	-6448.000	-5404.000
2011	11	23	10	53	1	327	225.0	-296.0	15.32	-7.62	54.63	306.79	-53.21	4.820	-2.610	10.500	-5.010	-3048.000	-2004.000
2011	11	23	10	53	1	327	225.0	-304.0	8.32	-18.72	54.63	306.79	-53.21	4.820	-2.610	3.500	-16.110	-7488.000	-6444.000
2011	11	23	10	53	1	327	225.0	-312.0	6.02	-8.02	54.63	306.79	-53.21	4.820	-2.610	1.200	-5.410	-3208.000	-2164.000
2011	11	23	10	53	1	327	225.0	-320.0	16.52	-11.32	54.63	306.79	-53.21	4.820	-2.610	11.700	-8.710	-4528.000	-3484.000
2011	11	23	10	53	1	327	225.0	-328.0	13.82	-4.52	54.63	306.79	-53.21	4.820	-2.610	9.000	-1.910	-1808.000	-764.000
2011	11	23	10	53	1	327	225.0	-344.0	16.62	-3.92	54.63	306.79	-53.21	4.820	-2.610	11.800	-1.310	-1568.000	-524.000
2011	11	23	10	53	1	327	225.0	-352.0	16.22	-7.92	54.63	306.79	-53.21	4.820	-2.610	11.400	-5.310	-3168.000	-2124.000
2011	11	23	10	53	1	327	225.0	-360.0	13.02	-7.82	54.63	306.79	-53.21	4.820	-2.610	8.200	-5.210	-3128.000	-2084.000
2011	11	23	10	53	1	327	225.0	-368.0	11.62	-9.82	54.63	306.79	-53.21	4.820	-2.610	6.800	-7.210	-3928.000	-2884.000
2011	11	23	10	53	1	327	225.0	-376.0	10.82	-10.02	54.63	306.79	-53.21	4.820	-2.610	6.000	-7.410	-4008.000	-2964.000
2011	11	23	10	53	1	327	225.0	-384.0	19.62	-8.32	54.63	306.79	-53.21	4.820	-2.610	14.800	-5.710	-3328.000	-2284.000
2011	11	23	10	53	1	327	225.0	-392.0	19.12	-3.72	54.63	306.79	-53.21	4.820	-2.610	14.300	-1.110	-1488.000	-444.000
2011	11	23	10	53	1	327	225.0	-400.0	20.02	-18.42	54.63	306.79	-53.21	4.820	-2.610	15.200	-15.810	-7368.000	-6324.000
2011	11	23	10	53	1	327	225.0	-408.0	18.32	-7.92	54.63	306.79	-53.21	4.820	-2.610	13.500	-5.310	-3168.000	-2124.000
2011	11	23	10	53	1	327	225.0	-416.0	14.22	-12.02	54.63	306.79	-53.21	4.820	-2.610	9.400	-9.410	-4808.000	-3764.000
2011	11	23	10	53	1	327	225.0	-424.0	11.22	-6.32	54.63	306.79	-53.21	4.820	-2.610	6.400	-3.710	-2528.000	-1484.000
2011	11	23	10	53	1	327	225.0	-432.0	3.92	-10.02	54.63	306.79	-53.21	4.820	-2.610	-0.900	-7.410	-4008.000	-2964.000
2011	11	23	10	53	1	327	225.0	-440.0	16.92	-18.22	54.63	306.79	-53.21	4.820	-2.610	12.100	-15.610	-7288.000	-6244.000
2011	11	23	10	53	1	327	225.0	-448.0	7.02	-5.82	54.63	306.79	-53.21	4.820	-2.610	2.200	-3.210	-2328.000	-1284.000
2011	11	23	10	53	1	327	225.0	-456.0	7.92	-16.72	54.63	306.79	-53.21	4.820	-2.610	3.100	-14.110	-6688.000	-5644.000
2011	11	23	10	53	1	327	225.0	-464.0	15.72	-12.42	54.63	306.79	-53.21	4.820	-2.610	10.900	-9.810	-4968.000	-3924.000
2011	11	23	10	53	1	327	225.0	-472.0	3.32	-16.52	54.63	306.79	-53.21	4.820	-2.610	-1.500	-13.910	-6608.000	-5564.000
2011	11	23	10	53	1	327	225.0	-480.0	2.82	-22.22	54.63	306.79	-53.21	4.820	-2.610	-2.000	-19.610	-8888.000	-7844.000
2011	11	23	10	53	1	327	225.0	-488.0	8.72	-12.52	54.63	306.79	-53.21	4.820	-2.610	3.900	-9.910	-5008.000	-3964.000
2011	11	23	10	53	1	327	225.0	-496.0	17.82	-4.12	54.63	306.79	-53.21	4.820	-2.610	13.000	-1.510	-1648.000	-604.000
2011	11	23	10	53	1	327	225.0	-504.0	10.12	-8.82	54.63	306.79	-53.21	4.820	-2.610	5.300	-6.210	-3528.000	-2484.000
2011	11	23	10	53	1	327	225.0	-512.0	14.52	-12.72	54.63	306.79	-53.21	4.820	-2.610	9.700	-10.110	-5088.000	-4044.000
2011	11	23	10	53	1	327	225.0	-520.0	14.32	-14.62	54.63	306.79	-53.21	4.820	-2.610	9.500	-12.010	-5848.000	-4804.000
2011	11	23	10	53	1	327	225.0	-528.0	13.42	-11.92	54.63	306.79	-53.21	4.820	-2.610	8.600	-9.310	-4768.000	-3724.000
2011	11	23	10	53	1	327	225.0	-536.0	10.22	-7.52	54.63	306.79	-53.21	4.820	-2.610	5.400	-4.910	-3008.000	-1964.000
2011	11	23	10	53	1	327	225.0	-544.0	7.02	-11.42	54.63	306.79	-53.21	4.820	-2.610	2.200	-8.810	-4568.000	-3524.000
2011	11	23	10	53	1	327	225.0	-552.0	13.22	-4.32	54.63	306.79	-53.21	4.820	-2.610	8.400	-1.710	-1728.000	-684.000
2011	11	23	10	53	1	327	225.0	-560.0	19.62	-6.62	54.63	306.79	-53.21	4.820	-2.610	14.800	-4.010	-2648.000	-1604.000
2011	11	23	10	53	1	327	225.0	-568.0	15.82	-7.32	54.63	306.79	-53.21	4.820	-2.610	11.000	-4.710	-2928.000	-1884.000
2011	11	23	10	53	1	327	225.0	-576.0	7.12	-1.62	54.63	306.79	-53.21	4.820	-2.610	2.300	0.990	-648.000	396.000
2011	11	23	10	53	1	327	225.0	-584.0	11.32	0.78	54.63	306.79	-53.21	4.820	-2.610	6.500	3.390	312.000	1356.000
2011	11	23	10	53	1	327	225.0	-592.0	7.42	-8.52	54.63	306.79	-53.21	4.820	-2.610	2.600	-5.910	-3408.000	-2364.000
2011	11	23	10	53	1	327	225.0	-600.0	12.02	-8.32	54.63	306.79	-53.21	4.820	-2.610	7.200	-5.710	-3328.000	-2284.000
2011	11	23	11	58	1	327	245.0	-48.0	40.95	-26.04	54.78	307.00	-53.00	4.900	-5.320	36.050	-20.720	-10416.000	-8288.000
2011	11	23	11	58	1	327	245.0	-56.0	45.45	-14.74	54.78	307.00	-53.00	4.900	-5.320	40.550	-9.420	-5896.000	-3768.000
2011	11	23	11	58	1	327	245.0	-64.0	50.85	-8.94	54.78	307.00	-53.00	4.900	-5.320	45.950	-3.620	-3576.000	-1448.000
2011	11	23	11	58	1	327	245.0	-72.0	40.35	-19.44	54.78	307.00	-53.00	4.900	-5.320	35.450	-14.120	-7776.000	-5648.000
2011	11	23	11	58	1	327	245.0	-80.0	46.05	-21.54	54.78	307.00	-53.00	4.900	-5.320	41.150	-16.220	-8616.000	-6488.000
2011	11	23	11	58	1	327	245.0	-88.0	41.45	-27.94	54.78	307.00	-53.00	4.900	-5.320	36.550	-22.620	-11176.000	-9048.000
2011	11	23	11	58	1	327	245.0	-96.0	31.45	-26.34	54.78	307.00	-53.00	4.900	-5.320	26.550	-21.020	-10536.000	-8408.000
2011	11	23	11	58	1	327	245.0	-104.0	35.25	-26.24	54.78	307.00	-53.00	4.900	-5.320	30.350	-20.920	-10496.000	-8368.000
2011	11	23	11	58	1	327	245.0	-112.0	37.55	-35.44	54.78	307.00	-53.00	4.900	-5.320	32.650	-30.120	-14176.000	-12048.000
2011	11	23	11	58	1	327	245.0	-120.0	40.45	-31.74	54.78	307.00	-53.00	4.900	-5.320	35.550	-26.420	-12696.000	-10568.000
2011	11	23	11	58	1	327	245.0	-128.0	30.85	-31.04	54.78	307.00	-53.00	4.900	-5.320	25.950	-25.720	-12416.000	-10288.000
2011	11	23	11	58	1	327	245.0	-136.0	36.95	-26.74	54.78	307.00	-53.00	4.900	-5.320	32.050	-21.420	-10696.000	-8568.000
2011	11	23	11	58	1	327	245.0	-144.0	29.65	-28.84	54.78	307.00	-53.00	4.900	-5.320	24.750	-23.520	-11536.000	-9408.000
2011	11	23	11	58	1	327	245.0	-152.0	26.75	-19.74	54.78	307.00	-53.00	4.900	-5.320	21.850	-14.420	-7896.000	-5768.000
2011	11	23	11	58	1	327	245.0	-160.0	19.05	-14.84	54.78	307.00	-53.00	4.900	-5.320	14.150	-9.520	-5936.000	-3808.000
2011	11	23	11	58	1	327	245.0	-168.0	14.25	-22.94	54.78	307.00	-53.00	4.900	-5.320	9.350	-17.620	-9176.000	-7048.000
2011	11	23	11	58	1	327	245.0	-176.0	13.15	-25.04	54.78	307.00	-53.00	4.900	-5.320	8.250	-19.720	-10016.000	-7888.000
2011	11	23	11	58	1	327	245.0	-184.0	13.35	-10.94	54.78	307.00	-53.00	4.900	-5.320	8.450	-5.620	-4376.000	-2248.000
2011	11	23	11	58	1	327	245.0	-192.0	11.15	-13.94	54.78	307.00	-53.00	4.900	-5.320	6.250	-8.620	-5576.000	-3448.000
2011	11	23	11	58	1	327	245.0	-200.0	15.05	-24.54	54.78	307.00	-53.00	4.900	-5.320	10.150	-19.220	-9816.000	-7688.000
2011	11	23	11	58	1	327	245.0	-208.0	14.55	-21.64	54.78	307.00	-53.00	4.900	-5.320	9.650	-16.320	-8656.000	-6528.000
2011	11	23	11	58	1	327	245.0	-216.0	20.35	-26.14	54.78	307.00	-53.00	4.900	-5.320	15.450	-20.820	-10456.000	-8328.000
2011	11	23	11	58	1	327	245.0	-224.0	19.75	-18.84	54.78	307.00	-53.00	4.900	-5.320	14.850	-13.520	-7536.000	-5408.000
2011	11	23	11	58	1	327	245.0	-232.0	24.85	-25.64	54.78	307.00	-53.00	4.900	-5.320	19.950	-20.320	-10256.000	-8128.000
2011	11	23	11	58	1	327	245.0	-240.0	21.35	-29.04	54.78	307.00	-53.00	4.900	-5.320	16.450	-23.720	-11616.000	-9488.000
2011	11	23	11	58	1	327	245.0	-248.0	13.65	-28.04	54.78	307.00	-53.00	4.900	-5.320	8.750	-22.720	-11216.000	-9088.000
2011	11	23	11	58	1	327	245.0	-256.0	5.35	-27.74	54.78	307.00	-53.00	4.900	-5.320	0.450	-22.420	-11096.000	-8968.000
2011	11	23	11	58	1	327	245.0	-264.0	15.65	-25.04	54.78	307.00	-53.00	4.900	-5.320	10.750	-19.720	-10016.000	-7888.000
2011	11	23	11	58	1	327	245.0	-272.0	14.25	-14.34	54.78	307.00	-53.00	4.900	-5.320	9.350	-9.020	-5736.000	-3608.000
2011	11	23	11	58	1	327	245.0	-280.0	14.45	-22.14	54.78	307.00	-53.00	4.900	-5.320	9.550	-16.820	-8856.000	-6728.000
2011	11	23	11	58	1	327	245.0	-288.0	14.85	-18.34	54.78	307.00	-53.00	4.900	-5.320	9.950	-13.020	-7336.000	-5208.000
2011	11	23	11	58	1	327	245.0	-296.0	10.75	-26.84	54.78	307.00	-53.00	4.900	-5.320	5.850	-21.520	-10736.000	-8608.000
2011	11	23	11	58	1	327	245.0	-304.0	16.35	-12.24	54.78	307.00	-53.00	4.900	-5.320	11.450	-6.920	-4896.000	-2768.000
2011	11	23	11	58	1	327	245.0	-312.0	17.45	-18.64	54.78	307.00	-53.00	4.900	-5.320	12.550	-13.320	-7456.000	-5328.000
2011	11	23	11	58	1	327	245.0	-320.0	25.75	-16.24	54.78	307.00	-53.00	4.900	-5.320	20.850	-10.920	-6496.000	-4368.000
2011	11	23	11	58	1	327	245.0	-328.0	17.85	-15.04	54.78	307.00	-53.00	4.900	-5.320	12.950	-9.720	-6016.000	-3888.000
2011	11	23	11	58	1	327	245.0	-336.0	27.35	-17.84	54.78	307.00	-53.00	4.900	-5.320	22.450	-12.520	-7136.000	-5008.000
2011	11	23	11	58	1	327	245.0	-344.0	29.45	-23.14	54.78	307.00	-53.00	4.900	-5.320	24.550	-17.820	-9256.000	-7128.000
2011	11	23	11	58	1	327	245.0	-352.0	19.45	-13.54	54.78	307.00	-53.00	4.900	-5.320	14.550	-8.220	-5416.000	-3288.000
2011	11	23	11	58	1	327	245.0	-360.0	32.95	-1.54	54.78	307.00	-53.00	4.900	-5.320	28.050	3.780	-616.000	1512.000
2011	11	23	11	58	1	327	245.0	-368.0	25.35	-2.54	54.78	307.00	-53.00	4.900	-5.320	20.450	2.780	-1016.000	1112.000
2011	11	23	11	58	1	327	245.0	-376.0	23.35	-9.54	54.78	307.00	-53.00	4.900	-5.320	18.450	-4.220	-3816.000	-1688.000
2011	11	23	11	58	1	327	245.0	-384.0	23.35	-11.44	54.78	307.00	-53.00	4.900	-5.320	18.450	-6.120	-4576.000	-2448.000
2011	11	23	11	58	1	327	245.0	-392.0	19.85	-14.64	54.78	307.00	-53.00	4.900	-5.320	14.950	-9.320	-5856.000	-3728.000
2011	11	23	11	58	1	327	245.0	-400.0	31.05	-12.24	54.78	307.00	-53.00	4.900	-5.320	26.150	-6.920	-4896.000	-2768.000
2011	11	23	11	58	1	327	245.0	-408.0	27.55	-18.04	54.78	307.00	-53.00	4.900	-5.320	22.650	-12.720	-7216.000	-5088.000
2011	11	23	11	58	1	327	245.0	-416.0	16.35	-18.94	54.78	307.00	-53.00	4.900	-5.320	11.450	-13.620	-7576.000	-5448.000
2011	11	23	11	58	1	327	245.0	-424.0	26.65	-11.64	54.78	307.00	-53.00	4.900	-5.320	21.750	-6.320	-4656.000	-2528.000
2011	11	23	11	58	1	327	245.0	-432.0	30.65	-19.24	54.78	307.00	-53.00	4.900	-5.320	25.750	-13.920	-7696.000	-5568.000
2011	11	23	11	58	1	327	245.0	-440.0	31.95	-29.84	54.78	307.00	-53.00	4.900	-5.320	27.050	-24.520	-11936.000	-9808.000
2011	11	23	11	58	1	327	245.0	-448.0	30.35	-21.64	54.78	307.00	-53.00	4.900	-5.320	25.450	-16.320	-8656.000	-6528.000
2011	11	23	11	58	1	327	245.0	-456.0	28.35	-17.14	54.78	307.00	-53.00	4.900	-5.320	23.450	-11.820	-6856.000	-4728.000
2011	11	23	11	58	1	327	245.0	-464.0	28.35	-12.94	54.78	307.00	-53.00	4.900	-5.320	23.450	-7.620	-5176.000	-3048.000
2011	11	23	11	58	1	327	245.0	-472.0	25.85	-15.14	54.78	307.00	-53.00	4.900	-5.320	20.950	-9.820	-6056.000	-3928.000
2011	11	23	11	58	1	327	245.0	-480.0	21.55	-23.64	54.78	307.00	-53.00	4.900	-5.320	16.650	-18.320	-9456.000	-7328.000
2011	11	23	11	58	1	327	245.0	-488.0	21.05	-25.54	54.78	307.00	-53.00	4.900	-5.320	16.150	-20.220	-10216.000	-8088.000
2011	11	23	11	58	1	327	245.0	-496.0	32.75	-25.44	54.78	307.00	-53.00	4.900	-5.320	27.850	-20.120	-10176.000	-8048.000
2011	11	23	11	58	1	327	245.0	-504.0	23.35	-14.84	54.78	307.00	-53.00	4.900	-5.320	18.450	-9.520	-5936.000	-3808.000
2011	11	23	11	58	1	327	245.0	-512.0	32.15	-25.24	54.78	307.00	-53.00	4.900	-5.320	27.250	-19.920	-10096.000	-7968.000
2011	11	23	11	58	1	327	245.0	-520.0	33.35	-20.74	54.78	307.00	-53.00	4.900	-5.320	28.450	-15.420	-8296.000	-6168.000
2011	11	23	11	58	1	327	245.0	-528.0	23.95	-18.74	54.78	307.00	-53.00	4.900	-5.320	19.050	-13.420	-7496.000	-5368.000
2011	11	23	11	58	1	327	245.0	-536.0	27.25	-13.34	54.78	307.00	-53.00	4.900	-5.320	22.350	-8.020	-5336.000	-3208.000
2011	11	23	11	58	1	327	245.0	-544.0	29.95	-21.74	54.78	307.00	-53.00	4.900	-5.320	25.050	-16.420	-8696.000	-6568.000
2011	11	23	11	58	1	327	245.0	-552.0	29.25	-22.54	54.78	307.00	-53.00	4.900	-5.320	24.350	-17.220	-9016.000	-6888.000
2011	11	23	11	58	1	327	245.0	-560.0	35.95	-15.44	54.78	307.00	-53.00	4.900	-5.320	31.050	-10.120	-6176.000	-4048.000
2011	11	23	11	58	1	327	245.0	-568.0	31.65	-2.14	54.78	307.00	-53.00	4.900	-5.320	26.750	3.180	-856.000	1272.000
2011	11	23	11	58	1	327	245.0	-576.0	37.45	-0.64	54.78	307.00	-53.00	4.900	-5.320	32.550	4.680	-256.000	1872.000
2011	11	23	11	58	1	327	245.0	-584.0	33.85	-9.44	54.78	307.00	-53.00	4.900	-5.320	28.950	-4.120	-3776.000	-1648.000
2011	11	23	11	58	1	327	245.0	-592.0	34.25	-10.74	54.78	307.00	-53.00	4.900	-5.320	29.350	-5.420	-4296.000	-2168.000
2011	11	23	11	58	1	327	245.0	-600.0	33.35	-15.14	54.78	307.00	-53.00	4.900	-5.320	28.450	-9.820	-6056.000	-3928.000
2011	11	23	11	58	1	327	245.0	-608.0	32.45	-15.94	54.78	307.00	-53.00	4.900	-5.320	27.550	-10.620	-6376.000	-4248.000
2011	11	23	11	58	1	327	245.0	-616.0	23.65	-24.94	54.78	307.00	-53.00	4.900	-5.320	18.750	-19.620	-9976.000	-7848.000
2011	11	23	11	58	1	327	245.0	-624.0	33.25	-16.04	54.78	307.00	-53.00	4.900	-5.320	28.350	-10.720	-6416.000	-4288.000
2011	11	23	14	16	1	327	250.0	-32.0	33.74	-42.60	54.77	307.04	-52.96	1.430	-3.440	32.310	-39.160	-17040.000	-15664.000
2011	11	23	14	16	1	327	250.0	-40.0	45.74	-39.50	54.77	307.04	-52.96	1.430	-3.440	44.310	-36.060	-15800.000	-14424.000
2011	11	23	14	16	1	327	250.0	-48.0	48.74	-33.90	54.77	307.04	-52.96	1.430	-3.440	47.310	-30.460	-13560.000	-12184.000
2011	11	23	14	16	1	327	250.0	-56.0	48.14	-29.50	54.77	307.04	-52.96	1.430	-3.440	46.710	-26.060	-11800.000	-10424.000
2011	11	23	14	16	1	327	250.0	-64.0	44.31	-35.38	54.77	307.04	-52.96	1.430	-3.440	42.880	-31.940	-14152.000	-12776.000
2011	11	23	14	16	1	327	250.0	-72.0	46.76	-28.13	54.77	307.04	-52.96	1.430	-3.440	45.330	-24.690	-11252.000	-9876.000
2011	11	23	14	16	1	327	250.0	-80.0	38.67	-40.35	54.77	307.04	-52.96	1.430	-3.440	37.240	-36.910	-16140.000	-14764.000
2011	11	23	14	16	1	327	250.0	-88.0	32.26	-33.08	54.77	307.04	-52.96	1.430	-3.440	30.830	-29.640	-13232.000	-11856.000
2011	11	23	14	16	1	327	250.0	-96.0	28.26	-35.03	54.77	307.04	-52.96	1.430	-3.440	26.830	-31.590	-14012.000	-12636.000
2011	11	23	14	16	1	327	250.0	-104.0	23.31	-33.88	54.77	307.04	-52.96	1.430	-3.440	21.880	-30.440	-13552.000	-12176.000
2011	11	23	14	16	1	327	250.0	-112.0	17.46	-35.73	54.77	307.04	-52.96	1.430	-3.440	16.030	-32.290	-14292.000	-12916.000
2011	11	23	14	16	1	327	250.0	-120.0	15.11	-33.13	54.77	307.04	-52.96	1.430	-3.440	13.680	-29.690	-13252.000	-11876.000
2011	11	23	14	16	1	327	250.0	-128.0	16.06	-31.18	54.77	307.04	-52.96	1.430	-3.440	14.630	-27.740	-12472.000	-11096.000
2011	11	23	14	16	1	327	250.0	-136.0	19.06	-30.98	54.77	307.04	-52.96	1.430	-3.440	17.630	-27.540	-12392.000	-11016.000
2011	11	23	14	16	1	327	250.0	-144.0	16.61	-27.73	54.77	307.04	-52.96	1.430	-3.440	15.180	-24.290	-11092.000	-9716.000
2011	11	23	14	16	1	327	250.0	-152.0	15.96	-26.03	54.77	307.04	-52.96	1.430	-3.440	14.530	-22.590	-10412.000	-9036.000
2011	11	23	14	16	1	327	250.0	-160.0	14.01	-19.63	54.77	307.04	-52.96	1.430	-3.440	12.580	-16.190	-7852.000	-6476.000
2011	11	23	14	16	1	327	250.0	-168.0	15.51	-12.33	54.77	307.04	-52.96	1.430	-3.440	14.080	-8.890	-4932.000	-3556.000
2011	11	23	14	16	1	327	250.0	-176.0	14.38	-8.95	54.77	307.04	-52.96	1.430	-3.440	12.950	-5.510	-3580.000	-2204.000
2011	11	23	14	16	1	327	250.0	-184.0	13.36	-14.23	54.77	307.04	-52.96	1.430	-3.440	11.930	-10.790	-5692.000	-4316.000
2011	11	23	14	16	1	327	250.0	-192.0	18.11	-14.88	54.77	307.04	-52.96	1.430	-3.440	16.680	-11.440	-5952.000	-4576.000
2011	11	23	14	16	1	327	250.0	-200.0	14.11	-12.93	54.77	307.04	-52.96	1.430	-3.440	12.680	-9.490	-5172.000	-3796.000
2011	11	23	14	16	1	327	250.0	-208.0	11.31	-8.18	54.77	307.04	-52.96	1.430	-3.440	9.880	-4.740	-3272.000	-1896.000
2011	11	23	14	16	1	327	250.0	-216.0	13.56	-13.13	54.77	307.04	-52.96	1.430	-3.440	12.130	-9.690	-5252.000	-3876.000
2011	11	23	14	16	1	327	250.0	-224.0	9.71	-4.83	54.77	307.04	-52.96	1.430	-3.440	8.280	-1.390	-1932.000	-556.000
2011	11	23	14	16	1	327	250.0	-232.0	9.51	-11.88	54.77	307.04	-52.96	1.430	-3.440	8.080	-8.440	-4752.000	-3376.000
2011	11	23	14	16	1	327	250.0	-240.0	12.16	-12.18	54.77	307.04	-52.96	1.430	-3.440	10.730	-8.740	-4872.000	-3496.000
2011	11	23	14	16	1	327	250.0	-248.0	15.71	-15.38	54.77	307.04	-52.96	1.430	-3.440	14.280	-11.940	-6152.000	-4776.000
2011	11	23	14	16	1	327	250.0	-256.0	9.21	-12.08	54.77	307.04	-52.96	1.430	-3.440	7.780	-8.640	-4832.000	-3456.000
2011	11	23	14	16	1	327	250.0	-264.0	12.11	-13.78	54.77	307.04	-52.96	1.430	-3.440	10.680	-10.340	-5512.000	-4136.000
2011	11	23	14	16	1	327	250.0	-272.0	13.86	-13.78	54.77	307.04	-52.96	1.430	-3.440	12.430	-10.340	-5512.000	-4136.000
2011	11	23	14	16	1	327	250.0	-280.0	15.41	-8.48	54.77	307.04	-52.96	1.430	-3.440	13.980	-5.040	-3392.000	-2016.000
2011	11	23	14	16	1	327	250.0	-288.0	11.31	-19.53	54.77	307.04	-52.96	1.430	-3.440	9.880	-16.090	-7812.000	-6436.000
2011	11	23	14	16	1	327	250.0	-296.0	11.31	-16.63	54.77	307.04	-52.96	1.430	-3.440	9.880	-13.190	-6652.000	-5276.000
2011	11	23	14	16	1	327	250.0	-304.0	17.86	-10.13	54.77	307.04	-52.96	1.430	-3.440	16.430	-6.690	-4052.000	-2676.000
2011	11	23	14	16	1	327	250.0	-312.0	12.66	-11.03	54.77	307.04	-52.96	1.430	-3.440	11.230	-7.590	-4412.000	-3036.000
2011	11	23	14	16	1	327	250.0	-320.0	16.76	-13.23	54.77	307.04	-52.96	1.430	-3.440	15.330	-9.790	-5292.000	-3916.000
2011	11	23	14	16	1	327	250.0	-328.0	15.36	-15.93	54.77	307.04	-52.96	1.430	-3.440	13.930	-12.490	-6372.000	-4996.000
2011	11	23	14	16	1	327	250.0	-336.0	19.66	-12.03	54.77	307.04	-52.96	1.430	-3.440	18.230	-8.590	-4812.000	-3436.000
2011	11	23	14	16	1	327	250.0	-344.0	16.81	-14.73	54.77	307.04	-52.96	1.430	-3.440	15.380	-11.290	-5892.000	-4516.000
2011	11	23	14	16	1	327	250.0	-352.0	21.61	-17.33	54.77	307.04	-52.96	1.430	-3.440	20.180	-13.890	-6932.000	-5556.000
2011	11	23	14	16	1	327	250.0	-360.0	20.81	-12.53	54.77	307.04	-52.96	1.430	-3.440	19.380	-9.090	-5012.000	-3636.000
2011	11	23	14	16	1	327	250.0	-368.0	21.01	-13.63	54.77	307.04	-52.96	1.430	-3.440	19.580	-10.190	-5452.000	-4076.000
2011	11	23	14	16	1	327	250.0	-376.0	20.16	-20.73	54.77	307.04	-52.96	1.430	-3.440	18.730	-17.290	-8292.000	-6916.000
2011	11	23	14	16	1	327	250.0	-384.0	20.56	-25.68	54.77	307.04	-52.96	1.430	-3.440	19.130	-22.240	-10272.000	-8896.000
2011	11	23	14	16	1	327	250.0	-392.0	22.56	-17.58	54.77	307.04	-52.96	1.430	-3.440	21.130	-14.140	-7032.000	-5656.000
2011	11	23	14	16	1	327	250.0	-400.0	15.66	-18.78	54.77	307.04	-52.96	1.430	-3.440	14.230	-15.340	-7512.000	-6136.000
2011	11	23	14	16	1	327	250.0	-408.0	21.96	-24.23	54.77	307.04	-52.96	1.430	-3.440	20.530	-20.790	-9692.000	-8316.000
2011	11	23	14	16	1	327	250.0	-416.0	20.41	-18.08	54.77	307.04	-52.96	1.430	-3.440	18.980	-14.640	-7232.000	-5856.000
2011	11	23	14	16	1	327	250.0	-424.0	23.01	-15.18	54.77	307.04	-52.96	1.430	-3.440	21.580	-11.740	-6072.000	-4696.000
2011	11	23	14	16	1	327	250.0	-432.0	21.46	-23.48	54.77	307.04	-52.96	1.430	-3.440	20.030	-20.040	-9392.000	-8016.000
2011	11	23	14	16	1	327	250.0	-440.0	19.31	-20.13	54.77	307.04	-52.96	1.430	-3.440	17.880	-16.690	-8052.000	-6676.000
2011	11	23	14	16	1	327	250.0	-448.0	21.61	-19.63	54.77	307.04	-52.96	1.430	-3.440	20.180	-16.190	-7852.000	-6476.000
2011	11	23	14	16	1	327	250.0	-456.0	27.11	-21.33	54.77	307.04	-52.96	1.430	-3.440	25.680	-17.890	-8532.000	-7156.000
2011	11	23	14	16	1	327	250.0	-464.0	28.51	-21.58	54.77	307.04	-52.96	1.430	-3.440	27.080	-18.140	-8632.000	-7256.000
2011	11	23	14	16	1	327	250.0	-472.0	22.66	-15.38	54.77	307.04	-52.96	1.430	-3.440	21.230	-11.940	-6152.000	-4776.000
2011	11	23	14	16	1	327	250.0	-480.0	21.11	-19.73	54.77	307.04	-52.96	1.430	-3.440	19.680	-16.290	-7892.000	-6516.000
2011	11	23	14	16	1	327	250.0	-488.0	17.81	-19.73	54.77	307.04	-52.96	1.430	-3.440	16.380	-16.290	-7892.000	-6516.000
2011	11	23	14	16	1	327	250.0	-496.0	19.71	-13.33	54.77	307.04	-52.96	1.430	-3.440	18.280	-9.890	-5332.000	-3956.000
2011	11	23	14	16	1	327	250.0	-504.0	27.91	-9.83	54.77	307.04	-52.96	1.430	-3.440	26.480	-6.390	-3932.000	-2556.000
2011	11	23	14	16	1	327	250.0	-512.0	24.31	-22.28	54.77	307.04	-52.96	1.430	-3.440	22.880	-18.840	-8912.000	-7536.000
2011	11	23	14	16	1	327	250.0	-520.0	15.81	-21.13	54.77	307.04	-52.96	1.430	-3.440	14.380	-17.690	-8452.000	-7076.000
2011	11	23	14	16	1	327	250.0	-528.0	23.61	-18.68	54.77	307.04	-52.96	1.430	-3.440	22.180	-15.240	-7472.000	-6096.000
2011	11	23	14	16	1	327	250.0	-536.0	25.96	-19.88	54.77	307.04	-52.96	1.430	-3.440	24.530	-16.440	-7952.000	-6576.000
2011	11	23	14	16	1	327	250.0	-544.0	18.31	-18.83	54.77	307.04	-52.96	1.430	-3.440	16.880	-15.390	-7532.000	-6156.000
2011	11	23	14	16	1	327	250.0	-552.0	15.71	-18.08	54.77	307.04	-52.96	1.430	-3.440	14.280	-14.640	-7232.000	-5856.000
2011	11	23	14	16	1	327	250.0	-560.0	24.61	-24.33	54.77	307.04	-52.96	1.430	-3.440	23.180	-20.890	-9732.000	-8356.000
2011	11	23	14	16	1	327	250.0	-568.0	24.96	-21.33	54.77	307.04	-52.96	1.430	-3.440	23.530	-17.890	-8532.000	-7156.000
2011	11	23	14	16	1	327	250.0	-576.0	28.41	-21.53	54.77	307.04	-52.96	1.430	-3.440	26.980	-18.090	-8612.000	-7236.000
2011	11	23	14	16	1	327	250.0	-584.0	18.66	-22.03	54.77	307.04	-52.96	1.430	-3.440	17.230	-18.590	-8812.000	-7436.000
2011	11	23	14	16	1	327	250.0	-592.0	20.86	-16.93	54.77	307.04	-52.96	1.430	-3.440	19.430	-13.490	-6772.000	-5396.000
2011	11	23	14	16	1	327	250.0	-600.0	25.26	-22.18	54.77	307.04	-52.96	1.430	-3.440	23.830	-18.740	-8872.000	-7496.000
2011	11	23	14	16	1	327	250.0	-608.0	25.66	-19.73	54.77	307.04	-52.96	1.430	-3.440	24.230	-16.290	-7892.000	-6516.000
2011	11	23	14	16	1	327	250.0	-616.0	21.71	-12.78	54.77	307.04	-52.96	1.430	-3.440	20.280	-9.340	-5112.000	-3736.000
2011	11	23	14	16	1	327	250.0	-624.0	20.91	-19.23	54.77	307.04	-52.96	1.430	-3.440	19.480	-15.790	-7692.000	-6316.000
