year	mon	day	hr	min	sec	deciday	distance(5Km_bin)	depth(m)	U_Vel(cm/s)	V_Vel(cm/s)	Latitude	Longitude(360deg)	Longitude	U_Tide(cm/s)	V_Tide(cm/s)	U_Vel-U_Tide(cm/s)	V_Vel-V_Tide(cm/s)	Vol_Transport_V_Raw(m^3/s)	Vol_Transport_V_Raw-V_Tide(m^3/s)
2010	11	25	9	54	1	329	5.0	-32.0	-13.88	13.61	53.23	304.35	-55.65	-0.920	3.430	-12.960	10.180	5444.000	4072.000
2010	11	25	9	54	1	329	5.0	-40.0	-5.90	-2.32	53.23	304.35	-55.65	-0.920	3.430	-4.980	-5.750	-928.000	-2300.000
2010	11	25	9	54	1	329	5.0	-48.0	4.82	1.32	53.23	304.35	-55.65	-0.920	3.430	5.740	-2.110	528.000	-844.000
2010	11	25	9	54	1	329	5.0	-56.0	8.51	6.90	53.23	304.35	-55.65	-0.920	3.430	9.430	3.470	2760.000	1388.000
2010	11	25	9	54	1	329	5.0	-64.0	7.55	1.95	53.23	304.36	-55.64	-0.960	3.390	8.510	-1.440	780.000	-576.000
2010	11	25	11	31	1	329	15.0	-40.0	15.34	-49.94	53.32	304.50	-55.50	-2.580	4.080	17.920	-54.020	-19976.000	-21608.000
2010	11	25	11	31	1	329	15.0	-48.0	13.61	-44.90	53.33	304.50	-55.50	-2.790	4.300	16.400	-49.200	-17960.000	-19680.000
2010	11	25	11	31	1	329	15.0	-56.0	-4.39	-35.87	53.32	304.51	-55.49	-2.670	4.040	-1.720	-39.910	-14348.000	-15964.000
2010	11	25	11	31	1	329	15.0	-64.0	-6.19	-30.74	53.31	304.51	-55.49	-2.500	3.830	-3.690	-34.570	-12296.000	-13828.000
2010	11	25	11	31	1	329	15.0	-72.0	-10.26	-21.21	53.31	304.51	-55.49	-2.500	3.830	-7.760	-25.040	-8484.000	-10016.000
2010	11	25	11	31	1	329	15.0	-80.0	-10.93	-13.87	53.31	304.51	-55.49	-2.500	3.830	-8.430	-17.700	-5548.000	-7080.000
2010	11	25	11	31	1	329	15.0	-88.0	-10.25	-10.97	53.31	304.51	-55.49	-2.500	3.830	-7.750	-14.800	-4388.000	-5920.000
2010	11	25	11	31	1	329	15.0	-96.0	-10.40	-5.41	53.31	304.51	-55.49	-2.500	3.830	-7.900	-9.240	-2164.000	-3696.000
2010	11	25	11	31	1	329	15.0	-104.0	-6.06	-7.38	53.31	304.51	-55.49	-2.500	3.830	-3.560	-11.210	-2952.000	-4484.000
2010	11	25	11	31	1	329	15.0	-112.0	-3.98	-8.30	53.31	304.51	-55.49	-2.500	3.830	-1.480	-12.130	-3320.000	-4852.000
2010	11	25	13	23	1	329	30.0	-56.0	24.07	-19.71	53.40	304.64	-55.36	0.620	0.680	23.450	-20.390	-7884.000	-8156.000
2010	11	25	13	23	1	329	30.0	-64.0	25.27	-15.81	53.40	304.64	-55.36	0.620	0.680	24.650	-16.490	-6324.000	-6596.000
2010	11	25	13	23	1	329	30.0	-72.0	21.57	-19.21	53.40	304.64	-55.36	0.620	0.680	20.950	-19.890	-7684.000	-7956.000
2010	11	25	13	23	1	329	30.0	-128.0	8.47	-0.31	53.40	304.64	-55.36	0.620	0.680	7.850	-0.990	-124.000	-396.000
2010	11	25	15	43	1	329	50.0	-56.0	-0.98	-27.88	53.51	304.87	-55.13	4.930	-4.970	-5.910	-22.910	-11152.000	-9164.000
2010	11	25	15	43	1	329	50.0	-64.0	12.52	-27.28	53.51	304.87	-55.13	4.930	-4.970	7.590	-22.310	-10912.000	-8924.000
2010	11	25	15	43	1	329	50.0	-112.0	8.62	-31.58	53.51	304.87	-55.13	4.930	-4.970	3.690	-26.610	-12632.000	-10644.000
2010	11	25	15	43	1	329	50.0	-120.0	6.12	-31.58	53.51	304.87	-55.13	4.930	-4.970	1.190	-26.610	-12632.000	-10644.000
2010	11	25	15	43	1	329	50.0	-128.0	4.02	-26.48	53.51	304.87	-55.13	4.930	-4.970	-0.910	-21.510	-10592.000	-8604.000
2010	11	25	15	43	1	329	50.0	-136.0	11.42	-31.48	53.51	304.87	-55.13	4.930	-4.970	6.490	-26.510	-12592.000	-10604.000
2010	11	25	18	53	1	329	65.0	-56.0	-14.74	-6.46	53.62	305.00	-55.00	-0.070	-2.500	-14.670	-3.960	-2584.000	-1584.000
2010	11	25	18	53	1	329	65.0	-64.0	-11.94	-11.46	53.62	305.00	-55.00	-0.070	-2.500	-11.870	-8.960	-4584.000	-3584.000
2010	11	25	18	53	1	329	65.0	-72.0	-12.74	-13.66	53.62	305.00	-55.00	-0.070	-2.500	-12.670	-11.160	-5464.000	-4464.000
2010	11	25	18	53	1	329	65.0	-80.0	-12.24	-16.76	53.62	305.00	-55.00	-0.070	-2.500	-12.170	-14.260	-6704.000	-5704.000
2010	11	25	18	53	1	329	65.0	-88.0	-6.14	-25.66	53.62	305.00	-55.00	-0.070	-2.500	-6.070	-23.160	-10264.000	-9264.000
2010	11	25	18	53	1	329	65.0	-112.0	-28.54	-14.96	53.62	305.00	-55.00	-0.070	-2.500	-28.470	-12.460	-5984.000	-4984.000
2010	11	25	18	53	1	329	65.0	-120.0	-11.34	-11.06	53.62	305.00	-55.00	-0.070	-2.500	-11.270	-8.560	-4424.000	-3424.000
2010	11	25	18	53	1	329	65.0	-128.0	-18.44	-1.06	53.62	305.00	-55.00	-0.070	-2.500	-18.370	1.440	-424.000	576.000
2010	11	25	18	53	1	329	65.0	-136.0	-23.44	-6.16	53.62	305.00	-55.00	-0.070	-2.500	-23.370	-3.660	-2464.000	-1464.000
2010	11	25	18	53	1	329	65.0	-168.0	-30.94	-19.26	53.62	305.00	-55.00	-0.070	-2.500	-30.870	-16.760	-7704.000	-6704.000
2010	11	25	18	53	1	329	65.0	-176.0	-27.54	-17.66	53.62	305.00	-55.00	-0.070	-2.500	-27.470	-15.160	-7064.000	-6064.000
2010	11	25	18	53	1	329	65.0	-184.0	-32.44	-12.56	53.62	305.00	-55.00	-0.070	-2.500	-32.370	-10.060	-5024.000	-4024.000
2010	11	25	18	53	1	329	65.0	-192.0	-28.94	-17.16	53.62	305.00	-55.00	-0.070	-2.500	-28.870	-14.660	-6864.000	-5864.000
2010	11	25	18	53	1	329	65.0	-200.0	-38.64	-9.86	53.62	305.00	-55.00	-0.070	-2.500	-38.570	-7.360	-3944.000	-2944.000
2010	11	25	18	53	1	329	65.0	-208.0	-35.04	-13.66	53.62	305.00	-55.00	-0.070	-2.500	-34.970	-11.160	-5464.000	-4464.000
2010	11	25	18	53	1	329	65.0	-224.0	-24.04	1.74	53.62	305.00	-55.00	-0.070	-2.500	-23.970	4.240	696.000	1696.000
2010	11	25	18	53	1	329	65.0	-232.0	-15.94	8.34	53.62	305.00	-55.00	-0.070	-2.500	-15.870	10.840	3336.000	4336.000
2010	11	25	18	53	1	329	65.0	-240.0	-23.64	5.24	53.62	305.00	-55.00	-0.070	-2.500	-23.570	7.740	2096.000	3096.000
2010	11	25	21	24	1	329	85.0	-40.0	-22.10	9.60	53.76	305.22	-54.78	-7.880	4.610	-14.220	4.990	3840.000	1996.000
2010	11	25	21	24	1	329	85.0	-48.0	-28.11	14.73	53.76	305.22	-54.78	-7.880	4.610	-20.230	10.120	5892.000	4048.000
2010	11	25	21	24	1	329	85.0	-56.0	-25.61	21.46	53.76	305.22	-54.78	-7.880	4.610	-17.730	16.850	8584.000	6740.000
2010	11	25	21	24	1	329	85.0	-64.0	-18.64	23.78	53.76	305.22	-54.78	-7.880	4.610	-10.760	19.170	9512.000	7668.000
2010	11	25	21	24	1	329	85.0	-72.0	-13.93	20.06	53.76	305.22	-54.78	-7.880	4.610	-6.050	15.450	8024.000	6180.000
2010	11	25	21	24	1	329	85.0	-80.0	-13.47	26.17	53.76	305.22	-54.78	-7.880	4.610	-5.590	21.560	10468.000	8624.000
2010	11	25	21	24	1	329	85.0	-88.0	-15.84	24.07	53.76	305.22	-54.78	-7.880	4.610	-7.960	19.460	9628.000	7784.000
2010	11	25	21	24	1	329	85.0	-96.0	-16.69	21.53	53.76	305.22	-54.78	-7.880	4.610	-8.810	16.920	8612.000	6768.000
2010	11	25	21	24	1	329	85.0	-104.0	-11.06	23.93	53.76	305.22	-54.78	-7.880	4.610	-3.180	19.320	9572.000	7728.000
2010	11	25	21	24	1	329	85.0	-112.0	-9.60	21.18	53.76	305.22	-54.78	-7.880	4.610	-1.720	16.570	8472.000	6628.000
2010	11	25	21	24	1	329	85.0	-120.0	-9.89	21.29	53.76	305.22	-54.78	-7.880	4.610	-2.010	16.680	8516.000	6672.000
2010	11	25	21	24	1	329	85.0	-128.0	-9.68	19.95	53.76	305.22	-54.78	-7.880	4.610	-1.800	15.340	7980.000	6136.000
2010	11	25	21	24	1	329	85.0	-136.0	-10.36	19.46	53.76	305.22	-54.78	-7.880	4.610	-2.480	14.850	7784.000	5940.000
2010	11	25	23	52	1	329	110.0	-56.0	14.43	14.23	53.92	305.49	-54.51	-3.830	8.590	18.260	5.640	5692.000	2256.000
2010	11	25	23	52	1	329	110.0	-64.0	14.86	-2.52	53.92	305.49	-54.51	-3.830	8.590	18.690	-11.110	-1008.000	-4444.000
2010	11	25	23	52	1	329	110.0	-72.0	25.58	5.09	53.92	305.49	-54.51	-3.830	8.590	29.410	-3.500	2036.000	-1400.000
2010	11	25	23	52	1	329	110.0	-88.0	12.00	5.78	53.92	305.49	-54.51	-3.830	8.590	15.830	-2.810	2312.000	-1124.000
2010	11	25	23	52	1	329	110.0	-96.0	12.23	-2.37	53.92	305.49	-54.51	-3.830	8.590	16.060	-10.960	-948.000	-4384.000
2010	11	25	23	52	1	329	110.0	-104.0	16.08	-2.67	53.92	305.49	-54.51	-3.830	8.590	19.910	-11.260	-1068.000	-4504.000
2010	11	25	23	52	1	329	110.0	-112.0	12.93	-7.17	53.92	305.49	-54.51	-3.830	8.590	16.760	-15.760	-2868.000	-6304.000
2010	11	25	23	52	1	329	110.0	-120.0	7.43	-6.02	53.92	305.49	-54.51	-3.830	8.590	11.260	-14.610	-2408.000	-5844.000
2010	11	25	23	52	1	329	110.0	-128.0	8.93	0.48	53.92	305.49	-54.51	-3.830	8.590	12.760	-8.110	192.000	-3244.000
2010	11	25	23	52	1	329	110.0	-136.0	10.56	-1.42	53.92	305.49	-54.51	-3.830	8.590	14.390	-10.010	-568.000	-4004.000
2010	11	26	1	20	1	330	130.0	-56.0	-0.65	-6.58	54.06	305.74	-54.26	3.690	6.470	-4.340	-13.050	-2632.000	-5220.000
2010	11	26	1	20	1	330	130.0	-64.0	-1.87	-3.63	54.05	305.73	-54.27	3.650	6.490	-5.520	-10.120	-1452.000	-4048.000
2010	11	26	1	20	1	330	130.0	-72.0	-1.95	-10.98	54.06	305.74	-54.26	3.690	6.470	-5.640	-17.450	-4392.000	-6980.000
2010	11	26	1	20	1	330	130.0	-80.0	6.61	-2.87	54.05	305.72	-54.28	3.650	6.460	2.960	-9.330	-1148.000	-3732.000
2010	11	26	1	20	1	330	130.0	-112.0	-4.39	-15.27	54.05	305.72	-54.28	3.650	6.460	-8.040	-21.730	-6108.000	-8692.000
2010	11	26	1	20	1	330	130.0	-136.0	10.90	-2.47	54.05	305.72	-54.28	3.650	6.460	7.250	-8.930	-988.000	-3572.000
2010	11	26	1	20	1	330	130.0	-152.0	22.20	8.33	54.05	305.72	-54.28	3.650	6.460	18.550	1.870	3332.000	748.000
2010	11	26	2	23	1	330	135.0	-32.0	-6.66	-7.80	54.08	305.77	-54.23	8.760	2.800	-15.420	-10.600	-3120.000	-4240.000
2010	11	26	2	23	1	330	135.0	-40.0	-5.05	-7.78	54.08	305.77	-54.23	8.760	2.800	-13.810	-10.580	-3112.000	-4232.000
2010	11	26	2	23	1	330	135.0	-48.0	-3.02	-5.12	54.08	305.77	-54.23	8.760	2.800	-11.780	-7.920	-2048.000	-3168.000
2010	11	26	2	23	1	330	135.0	-56.0	-5.31	-7.35	54.08	305.77	-54.23	8.760	2.800	-14.070	-10.150	-2940.000	-4060.000
2010	11	26	2	23	1	330	135.0	-64.0	-11.75	-10.05	54.08	305.77	-54.23	8.760	2.800	-20.510	-12.850	-4020.000	-5140.000
2010	11	26	2	23	1	330	135.0	-72.0	-12.66	-3.38	54.08	305.77	-54.23	8.760	2.800	-21.420	-6.180	-1352.000	-2472.000
2010	11	26	2	23	1	330	135.0	-80.0	-13.67	-3.24	54.08	305.77	-54.23	8.760	2.800	-22.430	-6.040	-1296.000	-2416.000
2010	11	26	2	23	1	330	135.0	-88.0	-14.58	-4.19	54.08	305.77	-54.23	8.760	2.800	-23.340	-6.990	-1676.000	-2796.000
2010	11	26	2	23	1	330	135.0	-96.0	-14.91	-2.89	54.08	305.77	-54.23	8.760	2.800	-23.670	-5.690	-1156.000	-2276.000
2010	11	26	2	23	1	330	135.0	-104.0	-17.78	0.73	54.08	305.77	-54.23	8.760	2.800	-26.540	-2.070	292.000	-828.000
2010	11	26	2	23	1	330	135.0	-112.0	-19.58	4.12	54.08	305.77	-54.23	8.760	2.800	-28.340	1.320	1648.000	528.000
2010	11	26	2	23	1	330	135.0	-120.0	-14.85	2.53	54.08	305.77	-54.23	8.760	2.800	-23.610	-0.270	1012.000	-108.000
2010	11	26	2	23	1	330	135.0	-128.0	-10.79	5.37	54.08	305.77	-54.23	8.760	2.800	-19.550	2.570	2148.000	1028.000
2010	11	26	2	23	1	330	135.0	-136.0	-7.29	7.86	54.08	305.77	-54.23	8.760	2.800	-16.050	5.060	3144.000	2024.000
2010	11	26	2	23	1	330	135.0	-144.0	-3.21	8.70	54.08	305.77	-54.23	8.760	2.800	-11.970	5.900	3480.000	2360.000
2010	11	26	2	23	1	330	135.0	-152.0	2.79	9.56	54.08	305.77	-54.23	8.760	2.800	-5.970	6.760	3824.000	2704.000
2010	11	26	5	25	1	330	155.0	-40.0	4.27	-3.58	54.20	306.00	-54.00	10.320	-9.190	-6.050	5.610	-1432.000	2244.000
2010	11	26	5	25	1	330	155.0	-48.0	12.77	-4.65	54.20	306.00	-54.00	10.320	-9.190	2.450	4.540	-1860.000	1816.000
2010	11	26	5	25	1	330	155.0	-56.0	-1.85	-4.92	54.19	306.00	-54.00	10.360	-9.150	-12.210	4.230	-1968.000	1692.000
2010	11	26	5	25	1	330	155.0	-64.0	-0.82	-6.40	54.19	306.00	-54.00	10.360	-9.150	-11.180	2.750	-2560.000	1100.000
2010	11	26	5	25	1	330	155.0	-72.0	0.56	-1.45	54.19	306.00	-54.00	10.360	-9.150	-9.800	7.700	-580.000	3080.000
2010	11	26	5	25	1	330	155.0	-80.0	4.60	-9.00	54.19	306.00	-54.00	10.360	-9.150	-5.760	0.150	-3600.000	60.000
2010	11	26	5	25	1	330	155.0	-88.0	9.72	-3.66	54.19	306.00	-54.00	10.360	-9.150	-0.640	5.490	-1464.000	2196.000
2010	11	26	5	25	1	330	155.0	-96.0	3.92	-7.66	54.19	306.00	-54.00	10.360	-9.150	-6.440	1.490	-3064.000	596.000
2010	11	26	5	25	1	330	155.0	-104.0	3.87	-11.11	54.19	306.00	-54.00	10.360	-9.150	-6.490	-1.960	-4444.000	-784.000
2010	11	26	5	25	1	330	155.0	-112.0	4.10	-9.94	54.19	306.00	-54.00	10.360	-9.150	-6.260	-0.790	-3976.000	-316.000
2010	11	26	5	25	1	330	155.0	-120.0	3.47	-7.43	54.20	306.00	-54.00	10.320	-9.190	-6.850	1.760	-2972.000	704.000
2010	11	26	5	25	1	330	155.0	-128.0	-1.71	-7.02	54.19	306.00	-54.00	10.360	-9.150	-12.070	2.130	-2808.000	852.000
2010	11	26	5	25	1	330	155.0	-136.0	0.53	-7.39	54.20	306.00	-54.00	10.320	-9.190	-9.790	1.800	-2956.000	720.000
2010	11	26	5	25	1	330	155.0	-144.0	-0.92	-5.63	54.20	306.00	-54.00	10.320	-9.190	-11.240	3.560	-2252.000	1424.000
2010	11	26	5	25	1	330	155.0	-152.0	-1.20	-2.34	54.20	306.00	-54.00	10.320	-9.190	-11.520	6.850	-936.000	2740.000
2010	11	26	5	25	1	330	155.0	-160.0	-0.80	1.56	54.19	306.00	-54.00	10.360	-9.150	-11.160	10.710	624.000	4284.000
2010	11	26	5	25	1	330	155.0	-168.0	2.67	3.19	54.20	306.00	-54.00	10.320	-9.190	-7.650	12.380	1276.000	4952.000
2010	11	26	5	25	1	330	155.0	-176.0	2.78	1.27	54.20	306.00	-54.00	10.320	-9.190	-7.540	10.460	508.000	4184.000
2010	11	26	7	53	1	330	170.0	-64.0	-2.53	-1.55	54.29	306.17	-53.83	-3.910	-8.930	1.380	7.380	-620.000	2952.000
2010	11	26	7	53	1	330	170.0	-72.0	0.17	2.05	54.29	306.17	-53.83	-3.910	-8.930	4.080	10.980	820.000	4392.000
2010	11	26	7	53	1	330	170.0	-80.0	5.07	-5.55	54.29	306.17	-53.83	-3.910	-8.930	8.980	3.380	-2220.000	1352.000
2010	11	26	7	53	1	330	170.0	-96.0	1.37	-2.55	54.29	306.17	-53.83	-3.910	-8.930	5.280	6.380	-1020.000	2552.000
2010	11	26	7	53	1	330	170.0	-104.0	-0.33	-2.85	54.29	306.17	-53.83	-3.910	-8.930	3.580	6.080	-1140.000	2432.000
2010	11	26	7	53	1	330	170.0	-112.0	1.47	-7.65	54.29	306.17	-53.83	-3.910	-8.930	5.380	1.280	-3060.000	512.000
2010	11	26	7	53	1	330	170.0	-120.0	-8.93	0.95	54.29	306.17	-53.83	-3.910	-8.930	-5.020	9.880	380.000	3952.000
2010	11	26	7	53	1	330	170.0	-128.0	-11.63	-2.35	54.29	306.17	-53.83	-3.910	-8.930	-7.720	6.580	-940.000	2632.000
2010	11	26	7	53	1	330	170.0	-136.0	-12.63	-7.25	54.29	306.17	-53.83	-3.910	-8.930	-8.720	1.680	-2900.000	672.000
2010	11	26	7	53	1	330	170.0	-144.0	-8.43	-8.45	54.29	306.17	-53.83	-3.910	-8.930	-4.520	0.480	-3380.000	192.000
2010	11	26	7	53	1	330	170.0	-152.0	-15.33	-5.05	54.29	306.17	-53.83	-3.910	-8.930	-11.420	3.880	-2020.000	1552.000
2010	11	26	7	53	1	330	170.0	-160.0	-8.73	-2.95	54.29	306.17	-53.83	-3.910	-8.930	-4.820	5.980	-1180.000	2392.000
2010	11	26	7	53	1	330	170.0	-168.0	-9.93	1.55	54.29	306.17	-53.83	-3.910	-8.930	-6.020	10.480	620.000	4192.000
2010	11	26	7	53	1	330	170.0	-176.0	-12.13	7.35	54.29	306.17	-53.83	-3.910	-8.930	-8.220	16.280	2940.000	6512.000
2010	11	26	9	27	1	330	175.0	-40.0	-36.74	-30.28	54.34	306.24	-53.76	-12.480	-2.710	-24.260	-27.570	-12112.000	-11028.000
2010	11	26	9	27	1	330	175.0	-48.0	-40.34	-21.99	54.34	306.24	-53.76	-12.480	-2.710	-27.860	-19.280	-8796.000	-7712.000
2010	11	26	9	27	1	330	175.0	-56.0	-23.14	-15.89	54.34	306.24	-53.76	-12.480	-2.710	-10.660	-13.180	-6356.000	-5272.000
2010	11	26	9	27	1	330	175.0	-64.0	-21.94	-17.99	54.34	306.24	-53.76	-12.480	-2.710	-9.460	-15.280	-7196.000	-6112.000
2010	11	26	9	27	1	330	175.0	-72.0	-22.64	-13.48	54.34	306.24	-53.76	-12.480	-2.710	-10.160	-10.770	-5392.000	-4308.000
2010	11	26	9	27	1	330	175.0	-80.0	-15.07	-9.19	54.34	306.24	-53.76	-12.480	-2.710	-2.590	-6.480	-3676.000	-2592.000
2010	11	26	9	27	1	330	175.0	-88.0	-26.63	-12.78	54.34	306.24	-53.76	-12.480	-2.710	-14.150	-10.070	-5112.000	-4028.000
2010	11	26	9	27	1	330	175.0	-96.0	-12.52	-15.59	54.34	306.24	-53.76	-12.480	-2.710	-0.040	-12.880	-6236.000	-5152.000
2010	11	26	9	27	1	330	175.0	-104.0	-16.47	-15.99	54.34	306.24	-53.76	-12.480	-2.710	-3.990	-13.280	-6396.000	-5312.000
2010	11	26	9	27	1	330	175.0	-112.0	-34.04	-13.59	54.34	306.24	-53.76	-12.480	-2.710	-21.560	-10.880	-5436.000	-4352.000
2010	11	26	9	27	1	330	175.0	-120.0	-31.34	-9.89	54.34	306.24	-53.76	-12.480	-2.710	-18.860	-7.180	-3956.000	-2872.000
2010	11	26	9	27	1	330	175.0	-128.0	-13.62	-11.34	54.34	306.24	-53.76	-12.480	-2.710	-1.140	-8.630	-4536.000	-3452.000
2010	11	26	9	27	1	330	175.0	-136.0	-23.72	-13.78	54.34	306.24	-53.76	-12.480	-2.710	-11.240	-11.070	-5512.000	-4428.000
2010	11	26	9	27	1	330	175.0	-144.0	-17.27	-16.28	54.33	306.23	-53.77	-12.330	-2.730	-4.940	-13.550	-6512.000	-5420.000
2010	11	26	9	27	1	330	175.0	-152.0	-11.07	-19.14	54.34	306.24	-53.76	-12.480	-2.710	1.410	-16.430	-7656.000	-6572.000
2010	11	26	9	27	1	330	175.0	-160.0	-11.22	-8.69	54.34	306.24	-53.76	-12.480	-2.710	1.260	-5.980	-3476.000	-2392.000
2010	11	26	9	27	1	330	175.0	-168.0	-15.77	-17.04	54.34	306.24	-53.76	-12.480	-2.710	-3.290	-14.330	-6816.000	-5732.000
2010	11	26	9	27	1	330	175.0	-176.0	-15.84	-9.23	54.34	306.24	-53.76	-12.480	-2.710	-3.360	-6.520	-3692.000	-2608.000
2010	11	26	9	27	1	330	175.0	-184.0	-8.19	-5.93	54.34	306.24	-53.76	-12.480	-2.710	4.290	-3.220	-2372.000	-1288.000
2010	11	26	9	3	1	330	180.0	-64.0	-15.90	-12.55	54.35	306.26	-53.74	-11.180	-4.710	-4.720	-7.840	-5020.000	-3136.000
2010	11	26	9	3	1	330	180.0	-80.0	-20.08	-11.65	54.35	306.25	-53.75	-11.120	-4.640	-8.960	-7.010	-4660.000	-2804.000
2010	11	26	9	3	1	330	180.0	-88.0	-20.70	-18.20	54.36	306.26	-53.74	-11.270	-4.650	-9.430	-13.550	-7280.000	-5420.000
2010	11	26	9	3	1	330	180.0	-96.0	-34.27	-21.44	54.34	306.25	-53.75	-11.030	-4.710	-23.240	-16.730	-8576.000	-6692.000
2010	11	26	9	3	1	330	180.0	-120.0	-28.20	-17.15	54.35	306.26	-53.74	-11.180	-4.710	-17.020	-12.440	-6860.000	-4976.000
2010	11	26	9	3	1	330	180.0	-128.0	-13.95	-13.50	54.35	306.26	-53.74	-11.180	-4.710	-2.770	-8.790	-5400.000	-3516.000
2010	11	26	9	3	1	330	180.0	-136.0	-16.30	-21.70	54.35	306.25	-53.75	-11.120	-4.640	-5.180	-17.060	-8680.000	-6824.000
2010	11	26	9	3	1	330	180.0	-144.0	-12.23	-19.03	54.35	306.26	-53.74	-11.180	-4.710	-1.050	-14.320	-7612.000	-5728.000
2010	11	26	9	3	1	330	180.0	-152.0	-5.97	-16.94	54.35	306.26	-53.74	-11.180	-4.710	5.210	-12.230	-6776.000	-4892.000
2010	11	26	9	3	1	330	180.0	-160.0	-3.82	-21.49	54.35	306.26	-53.74	-11.180	-4.710	7.360	-16.780	-8596.000	-6712.000
2010	11	26	9	3	1	330	180.0	-168.0	-7.00	-18.26	54.35	306.26	-53.74	-11.180	-4.710	4.180	-13.550	-7304.000	-5420.000
2010	11	26	9	3	1	330	180.0	-176.0	-5.40	-16.85	54.35	306.25	-53.75	-11.120	-4.640	5.720	-12.210	-6740.000	-4884.000
2010	11	26	9	3	1	330	180.0	-184.0	-4.50	-13.98	54.35	306.25	-53.75	-11.120	-4.640	6.620	-9.340	-5592.000	-3736.000
2010	11	26	13	48	1	330	185.0	-128.0	8.90	-5.52	54.40	306.31	-53.69	-1.200	8.660	10.100	-14.180	-2208.000	-5672.000
2010	11	26	14	11	1	330	190.0	-128.0	24.81	-16.38	54.43	306.37	-53.63	1.380	7.620	23.430	-24.000	-6552.000	-9600.000
2010	11	26	14	11	1	330	190.0	-144.0	24.32	-6.58	54.42	306.36	-53.64	1.310	7.750	23.010	-14.330	-2632.000	-5732.000
2010	11	26	14	11	1	330	190.0	-192.0	17.11	-30.58	54.43	306.37	-53.63	1.380	7.620	15.730	-38.200	-12232.000	-15280.000
2010	11	26	14	11	1	330	190.0	-208.0	14.51	-26.28	54.43	306.37	-53.63	1.380	7.620	13.130	-33.900	-10512.000	-13560.000
2010	11	26	14	23	1	330	195.0	-64.0	6.99	-37.10	54.44	306.40	-53.60	2.440	6.690	4.550	-43.790	-14840.000	-17516.000
2010	11	26	14	23	1	330	195.0	-72.0	9.39	-27.10	54.44	306.40	-53.60	2.440	6.690	6.950	-33.790	-10840.000	-13516.000
2010	11	26	14	23	1	330	195.0	-104.0	22.59	-29.10	54.44	306.40	-53.60	2.440	6.690	20.150	-35.790	-11640.000	-14316.000
2010	11	26	14	23	1	330	195.0	-120.0	31.99	-20.90	54.44	306.40	-53.60	2.440	6.690	29.550	-27.590	-8360.000	-11036.000
2010	11	26	14	23	1	330	195.0	-128.0	28.59	-25.30	54.44	306.40	-53.60	2.440	6.690	26.150	-31.990	-10120.000	-12796.000
2010	11	26	14	23	1	330	195.0	-136.0	18.59	-29.40	54.44	306.40	-53.60	2.440	6.690	16.150	-36.090	-11760.000	-14436.000
2010	11	26	14	23	1	330	195.0	-144.0	25.39	-19.10	54.44	306.40	-53.60	2.440	6.690	22.950	-25.790	-7640.000	-10316.000
2010	11	26	14	23	1	330	195.0	-152.0	26.79	-30.20	54.44	306.40	-53.60	2.440	6.690	24.350	-36.890	-12080.000	-14756.000
2010	11	26	14	23	1	330	195.0	-160.0	33.99	-30.50	54.44	306.40	-53.60	2.440	6.690	31.550	-37.190	-12200.000	-14876.000
2010	11	26	14	23	1	330	195.0	-168.0	20.99	-28.80	54.44	306.40	-53.60	2.440	6.690	18.550	-35.490	-11520.000	-14196.000
2010	11	26	14	23	1	330	195.0	-176.0	15.29	-26.40	54.44	306.40	-53.60	2.440	6.690	12.850	-33.090	-10560.000	-13236.000
2010	11	26	14	23	1	330	195.0	-184.0	11.99	-31.50	54.44	306.40	-53.60	2.440	6.690	9.550	-38.190	-12600.000	-15276.000
2010	11	26	14	23	1	330	195.0	-192.0	10.89	-33.10	54.44	306.40	-53.60	2.440	6.690	8.450	-39.790	-13240.000	-15916.000
2010	11	26	14	23	1	330	195.0	-200.0	-1.01	-28.00	54.44	306.40	-53.60	2.440	6.690	-3.450	-34.690	-11200.000	-13876.000
2010	11	26	14	23	1	330	195.0	-208.0	9.49	-22.90	54.44	306.40	-53.60	2.440	6.690	7.050	-29.590	-9160.000	-11836.000
2010	11	26	14	23	1	330	195.0	-216.0	3.99	-15.70	54.44	306.40	-53.60	2.440	6.690	1.550	-22.390	-6280.000	-8956.000
2010	11	26	16	35	1	330	200.0	-32.0	14.99	-63.34	54.48	306.49	-53.51	9.220	-1.810	5.770	-61.530	-25336.000	-24612.000
2010	11	26	16	35	1	330	200.0	-40.0	22.49	-63.40	54.48	306.48	-53.52	9.290	-1.780	13.200	-61.620	-25360.000	-24648.000
2010	11	26	16	35	1	330	200.0	-48.0	20.40	-55.61	54.48	306.49	-53.51	9.220	-1.810	11.180	-53.800	-22244.000	-21520.000
2010	11	26	16	35	1	330	200.0	-56.0	29.73	-58.02	54.49	306.49	-53.51	9.420	-1.970	20.310	-56.050	-23208.000	-22420.000
2010	11	26	16	35	1	330	200.0	-64.0	27.27	-58.59	54.49	306.49	-53.51	9.420	-1.970	17.850	-56.620	-23436.000	-22648.000
2010	11	26	16	35	1	330	200.0	-72.0	31.80	-54.82	54.49	306.49	-53.51	9.420	-1.970	22.380	-52.850	-21928.000	-21140.000
2010	11	26	16	35	1	330	200.0	-80.0	33.99	-53.22	54.49	306.49	-53.51	9.420	-1.970	24.570	-51.250	-21288.000	-20500.000
2010	11	26	16	35	1	330	200.0	-88.0	34.04	-51.88	54.49	306.49	-53.51	9.420	-1.970	24.620	-49.910	-20752.000	-19964.000
2010	11	26	16	35	1	330	200.0	-96.0	33.16	-55.38	54.49	306.49	-53.51	9.420	-1.970	23.740	-53.410	-22152.000	-21364.000
2010	11	26	16	35	1	330	200.0	-104.0	37.24	-54.30	54.49	306.49	-53.51	9.420	-1.970	27.820	-52.330	-21720.000	-20932.000
2010	11	26	16	35	1	330	200.0	-112.0	37.04	-48.33	54.49	306.49	-53.51	9.420	-1.970	27.620	-46.360	-19332.000	-18544.000
2010	11	26	16	35	1	330	200.0	-120.0	37.49	-49.81	54.49	306.49	-53.51	9.420	-1.970	28.070	-47.840	-19924.000	-19136.000
2010	11	26	16	35	1	330	200.0	-128.0	29.22	-51.94	54.49	306.49	-53.51	9.420	-1.970	19.800	-49.970	-20776.000	-19988.000
2010	11	26	16	35	1	330	200.0	-136.0	26.40	-53.93	54.49	306.49	-53.51	9.420	-1.970	16.980	-51.960	-21572.000	-20784.000
2010	11	26	16	35	1	330	200.0	-144.0	23.69	-46.74	54.49	306.49	-53.51	9.420	-1.970	14.270	-44.770	-18696.000	-17908.000
2010	11	26	16	35	1	330	200.0	-152.0	21.48	-44.90	54.49	306.49	-53.51	9.420	-1.970	12.060	-42.930	-17960.000	-17172.000
2010	11	26	16	35	1	330	200.0	-160.0	20.61	-40.37	54.49	306.49	-53.51	9.420	-1.970	11.190	-38.400	-16148.000	-15360.000
2010	11	26	16	35	1	330	200.0	-168.0	18.99	-36.85	54.49	306.49	-53.51	9.420	-1.970	9.570	-34.880	-14740.000	-13952.000
2010	11	26	16	35	1	330	200.0	-176.0	12.23	-31.47	54.49	306.49	-53.51	9.420	-1.970	2.810	-29.500	-12588.000	-11800.000
2010	11	26	16	35	1	330	200.0	-184.0	11.23	-23.99	54.49	306.49	-53.51	9.420	-1.970	1.810	-22.020	-9596.000	-8808.000
2010	11	26	16	35	1	330	200.0	-192.0	9.91	-19.54	54.49	306.49	-53.51	9.420	-1.970	0.490	-17.570	-7816.000	-7028.000
2010	11	26	16	35	1	330	200.0	-200.0	9.24	-15.11	54.49	306.49	-53.51	9.420	-1.970	-0.180	-13.140	-6044.000	-5256.000
2010	11	26	16	35	1	330	200.0	-208.0	7.11	-10.32	54.49	306.49	-53.51	9.420	-1.970	-2.310	-8.350	-4128.000	-3340.000
2010	11	26	16	35	1	330	200.0	-216.0	9.84	-7.30	54.49	306.49	-53.51	9.420	-1.970	0.420	-5.330	-2920.000	-2132.000
2010	11	26	16	35	1	330	200.0	-224.0	11.94	-3.56	54.49	306.49	-53.51	9.420	-1.970	2.520	-1.590	-1424.000	-636.000
2010	11	26	16	35	1	330	200.0	-232.0	10.83	0.36	54.49	306.49	-53.51	9.420	-1.970	1.410	2.330	144.000	932.000
2010	11	26	16	35	1	330	200.0	-240.0	11.52	2.57	54.49	306.49	-53.51	9.420	-1.970	2.100	4.540	1028.000	1816.000
2010	11	26	16	35	1	330	200.0	-248.0	12.87	2.89	54.49	306.49	-53.51	9.420	-1.970	3.450	4.860	1156.000	1944.000
2010	11	26	16	35	1	330	200.0	-256.0	12.98	5.81	54.49	306.49	-53.51	9.420	-1.970	3.560	7.780	2324.000	3112.000
2010	11	26	21	8	1	330	220.0	-40.0	-0.65	-13.84	54.63	306.71	-53.29	-3.630	0.910	2.980	-14.750	-5536.000	-5900.000
2010	11	26	21	8	1	330	220.0	-48.0	-1.46	-13.52	54.63	306.73	-53.27	-3.560	0.950	2.100	-14.470	-5408.000	-5788.000
2010	11	26	21	8	1	330	220.0	-56.0	9.68	-16.09	54.63	306.73	-53.27	-3.560	0.950	13.240	-17.040	-6436.000	-6816.000
2010	11	26	21	8	1	330	220.0	-64.0	-1.97	-6.17	54.63	306.73	-53.27	-3.560	0.950	1.590	-7.120	-2468.000	-2848.000
2010	11	26	21	8	1	330	220.0	-72.0	-8.12	-2.52	54.63	306.72	-53.28	-3.600	0.930	-4.520	-3.450	-1008.000	-1380.000
2010	11	26	21	8	1	330	220.0	-80.0	-8.83	-3.49	54.63	306.72	-53.28	-3.600	0.930	-5.230	-4.420	-1396.000	-1768.000
2010	11	26	21	8	1	330	220.0	-88.0	-2.73	-14.57	54.63	306.72	-53.28	-3.600	0.930	0.870	-15.500	-5828.000	-6200.000
2010	11	26	21	8	1	330	220.0	-96.0	-8.43	-5.81	54.63	306.72	-53.28	-3.600	0.930	-4.830	-6.740	-2324.000	-2696.000
2010	11	26	21	8	1	330	220.0	-104.0	-2.05	-7.22	54.63	306.72	-53.28	-3.600	0.930	1.550	-8.150	-2888.000	-3260.000
2010	11	26	21	8	1	330	220.0	-112.0	-5.03	-6.82	54.63	306.72	-53.28	-3.600	0.930	-1.430	-7.750	-2728.000	-3100.000
2010	11	26	21	8	1	330	220.0	-120.0	0.27	-4.38	54.63	306.72	-53.28	-3.600	0.930	3.870	-5.310	-1752.000	-2124.000
2010	11	26	21	8	1	330	220.0	-128.0	1.47	-6.54	54.63	306.72	-53.28	-3.600	0.930	5.070	-7.470	-2616.000	-2988.000
2010	11	26	21	8	1	330	220.0	-136.0	2.86	-8.94	54.63	306.72	-53.28	-3.600	0.930	6.460	-9.870	-3576.000	-3948.000
2010	11	26	21	8	1	330	220.0	-144.0	-2.58	-9.28	54.63	306.72	-53.28	-3.600	0.930	1.020	-10.210	-3712.000	-4084.000
2010	11	26	21	8	1	330	220.0	-152.0	-5.49	-13.67	54.63	306.72	-53.28	-3.600	0.930	-1.890	-14.600	-5468.000	-5840.000
2010	11	26	21	8	1	330	220.0	-160.0	-7.50	-16.24	54.63	306.72	-53.28	-3.600	0.930	-3.900	-17.170	-6496.000	-6868.000
2010	11	26	21	8	1	330	220.0	-168.0	-7.92	-15.21	54.63	306.72	-53.28	-3.600	0.930	-4.320	-16.140	-6084.000	-6456.000
2010	11	26	21	8	1	330	220.0	-176.0	-3.04	-14.91	54.63	306.72	-53.28	-3.600	0.930	0.560	-15.840	-5964.000	-6336.000
2010	11	26	21	8	1	330	220.0	-184.0	-5.15	-16.72	54.63	306.72	-53.28	-3.600	0.930	-1.550	-17.650	-6688.000	-7060.000
2010	11	26	21	8	1	330	220.0	-192.0	-6.10	-13.90	54.63	306.72	-53.28	-3.600	0.930	-2.500	-14.830	-5560.000	-5932.000
2010	11	26	21	8	1	330	220.0	-200.0	-4.22	-13.20	54.63	306.72	-53.28	-3.600	0.930	-0.620	-14.130	-5280.000	-5652.000
2010	11	26	21	8	1	330	220.0	-208.0	-1.02	-14.71	54.63	306.72	-53.28	-3.600	0.930	2.580	-15.640	-5884.000	-6256.000
2010	11	26	21	8	1	330	220.0	-216.0	-4.12	-15.72	54.63	306.72	-53.28	-3.600	0.930	-0.520	-16.650	-6288.000	-6660.000
2010	11	26	21	8	1	330	220.0	-224.0	-1.06	-20.92	54.63	306.72	-53.28	-3.600	0.930	2.540	-21.850	-8368.000	-8740.000
2010	11	26	21	8	1	330	220.0	-232.0	-2.04	-22.10	54.63	306.72	-53.28	-3.600	0.930	1.560	-23.030	-8840.000	-9212.000
2010	11	26	21	8	1	330	220.0	-240.0	-3.75	-16.39	54.63	306.72	-53.28	-3.600	0.930	-0.150	-17.320	-6556.000	-6928.000
2010	11	26	21	8	1	330	220.0	-248.0	-2.97	-15.87	54.63	306.73	-53.27	-3.560	0.950	0.590	-16.820	-6348.000	-6728.000
2010	11	26	21	8	1	330	220.0	-256.0	-6.61	-20.58	54.63	306.72	-53.28	-3.600	0.930	-3.010	-21.510	-8232.000	-8604.000
2010	11	26	21	8	1	330	220.0	-264.0	-5.69	-19.89	54.63	306.73	-53.27	-3.560	0.950	-2.130	-20.840	-7956.000	-8336.000
2010	11	26	21	8	1	330	220.0	-272.0	-8.94	-23.28	54.63	306.72	-53.28	-3.600	0.930	-5.340	-24.210	-9312.000	-9684.000
2010	11	26	21	8	1	330	220.0	-280.0	-5.34	-18.83	54.63	306.72	-53.28	-3.600	0.930	-1.740	-19.760	-7532.000	-7904.000
2010	11	26	21	8	1	330	220.0	-288.0	-0.47	-21.54	54.63	306.72	-53.28	-3.600	0.930	3.130	-22.470	-8616.000	-8988.000
2010	11	26	21	8	1	330	220.0	-296.0	-0.78	-22.11	54.63	306.72	-53.28	-3.600	0.930	2.820	-23.040	-8844.000	-9216.000
2010	11	26	21	8	1	330	220.0	-304.0	-3.00	-18.99	54.63	306.72	-53.28	-3.600	0.930	0.600	-19.920	-7596.000	-7968.000
2010	11	26	21	8	1	330	220.0	-312.0	4.39	-25.35	54.63	306.72	-53.28	-3.600	0.930	7.990	-26.280	-10140.000	-10512.000
2010	11	26	21	8	1	330	220.0	-320.0	-2.23	-26.91	54.63	306.72	-53.28	-3.600	0.930	1.370	-27.840	-10764.000	-11136.000
2010	11	26	21	8	1	330	220.0	-328.0	-0.99	-25.27	54.63	306.72	-53.28	-3.600	0.930	2.610	-26.200	-10108.000	-10480.000
2010	11	26	21	8	1	330	220.0	-336.0	7.80	-24.01	54.63	306.72	-53.28	-3.600	0.930	11.400	-24.940	-9604.000	-9976.000
2010	11	26	21	8	1	330	220.0	-344.0	1.77	-20.38	54.63	306.72	-53.28	-3.600	0.930	5.370	-21.310	-8152.000	-8524.000
2010	11	26	21	8	1	330	220.0	-352.0	4.49	-22.62	54.63	306.72	-53.28	-3.600	0.930	8.090	-23.550	-9048.000	-9420.000
2010	11	26	21	8	1	330	220.0	-360.0	-0.55	-19.02	54.63	306.72	-53.28	-3.600	0.930	3.050	-19.950	-7608.000	-7980.000
2010	11	26	21	8	1	330	220.0	-368.0	1.40	-20.46	54.63	306.72	-53.28	-3.600	0.930	5.000	-21.390	-8184.000	-8556.000
2010	11	26	21	8	1	330	220.0	-376.0	-4.53	-21.04	54.63	306.72	-53.28	-3.600	0.930	-0.930	-21.970	-8416.000	-8788.000
2010	11	26	21	8	1	330	220.0	-384.0	-2.80	-21.48	54.63	306.72	-53.28	-3.600	0.930	0.800	-22.410	-8592.000	-8964.000
2010	11	26	21	8	1	330	220.0	-392.0	-1.15	-22.54	54.63	306.72	-53.28	-3.600	0.930	2.450	-23.470	-9016.000	-9388.000
2010	11	26	21	8	1	330	220.0	-400.0	-3.25	-21.35	54.63	306.72	-53.28	-3.600	0.930	0.350	-22.280	-8540.000	-8912.000
2010	11	26	21	8	1	330	220.0	-408.0	9.23	-19.90	54.63	306.72	-53.28	-3.600	0.930	12.830	-20.830	-7960.000	-8332.000
2010	11	26	21	8	1	330	220.0	-416.0	-0.27	-19.77	54.63	306.72	-53.28	-3.600	0.930	3.330	-20.700	-7908.000	-8280.000
2010	11	26	21	8	1	330	220.0	-424.0	-1.17	-16.74	54.63	306.72	-53.28	-3.600	0.930	2.430	-17.670	-6696.000	-7068.000
2010	11	26	21	8	1	330	220.0	-432.0	-1.27	-18.84	54.63	306.72	-53.28	-3.600	0.930	2.330	-19.770	-7536.000	-7908.000
2010	11	26	21	8	1	330	220.0	-440.0	-4.83	-19.58	54.63	306.72	-53.28	-3.600	0.930	-1.230	-20.510	-7832.000	-8204.000
2010	11	26	21	8	1	330	220.0	-448.0	-3.03	-21.36	54.63	306.72	-53.28	-3.600	0.930	0.570	-22.290	-8544.000	-8916.000
2010	11	26	21	8	1	330	220.0	-456.0	3.90	-24.45	54.63	306.72	-53.28	-3.600	0.930	7.500	-25.380	-9780.000	-10152.000
2010	11	26	21	8	1	330	220.0	-472.0	-11.88	-24.11	54.63	306.71	-53.29	-3.630	0.910	-8.250	-25.020	-9644.000	-10008.000
2010	11	26	21	8	1	330	220.0	-480.0	-10.64	-17.87	54.63	306.71	-53.29	-3.630	0.910	-7.010	-18.780	-7148.000	-7512.000
2010	11	26	21	8	1	330	220.0	-488.0	0.43	-19.01	54.63	306.72	-53.28	-3.600	0.930	4.030	-19.940	-7604.000	-7976.000
2010	11	26	21	8	1	330	220.0	-496.0	-6.01	-17.51	54.63	306.72	-53.28	-3.600	0.930	-2.410	-18.440	-7004.000	-7376.000
2010	11	26	21	8	1	330	220.0	-504.0	-9.32	-8.08	54.63	306.72	-53.28	-3.600	0.930	-5.720	-9.010	-3232.000	-3604.000
2010	11	26	21	8	1	330	220.0	-512.0	-3.72	-17.10	54.63	306.72	-53.28	-3.600	0.930	-0.120	-18.030	-6840.000	-7212.000
2010	11	26	21	8	1	330	220.0	-520.0	-0.50	-17.00	54.63	306.72	-53.28	-3.600	0.930	3.100	-17.930	-6800.000	-7172.000
2010	11	26	21	8	1	330	220.0	-528.0	5.45	-18.52	54.63	306.72	-53.28	-3.600	0.930	9.050	-19.450	-7408.000	-7780.000
2010	11	26	21	8	1	330	220.0	-536.0	1.28	-20.00	54.63	306.72	-53.28	-3.600	0.930	4.880	-20.930	-8000.000	-8372.000
2010	11	26	21	8	1	330	220.0	-544.0	-5.22	-22.70	54.63	306.72	-53.28	-3.600	0.930	-1.620	-23.630	-9080.000	-9452.000
2010	11	26	19	57	1	330	225.0	-32.0	8.63	13.11	54.63	306.75	-53.25	-0.390	-2.470	9.020	15.580	5244.000	6232.000
2010	11	26	19	57	1	330	225.0	-40.0	14.33	-3.49	54.63	306.75	-53.25	-0.390	-2.470	14.720	-1.020	-1396.000	-408.000
2010	11	26	19	57	1	330	225.0	-48.0	8.35	-12.28	54.63	306.74	-53.26	-0.390	-2.510	8.740	-9.770	-4912.000	-3908.000
2010	11	26	19	57	1	330	225.0	-56.0	6.86	-2.06	54.63	306.74	-53.26	-0.390	-2.510	7.250	0.450	-824.000	180.000
2010	11	26	19	57	1	330	225.0	-64.0	4.10	4.51	54.63	306.74	-53.26	-0.390	-2.510	4.490	7.020	1804.000	2808.000
2010	11	26	19	57	1	330	225.0	-72.0	-2.03	2.28	54.63	306.74	-53.26	-0.390	-2.510	-1.640	4.790	912.000	1916.000
2010	11	26	19	57	1	330	225.0	-80.0	-5.62	-7.55	54.63	306.74	-53.26	-0.390	-2.510	-5.230	-5.040	-3020.000	-2016.000
2010	11	26	19	57	1	330	225.0	-88.0	-10.53	-12.45	54.63	306.74	-53.26	-0.390	-2.510	-10.140	-9.940	-4980.000	-3976.000
2010	11	26	19	57	1	330	225.0	-96.0	-8.81	-18.72	54.63	306.74	-53.26	-0.390	-2.510	-8.420	-16.210	-7488.000	-6484.000
2010	11	26	19	57	1	330	225.0	-104.0	-2.22	-17.51	54.63	306.74	-53.26	-0.390	-2.510	-1.830	-15.000	-7004.000	-6000.000
2010	11	26	19	57	1	330	225.0	-112.0	-0.37	-21.45	54.63	306.75	-53.25	-0.390	-2.470	0.020	-18.980	-8580.000	-7592.000
2010	11	26	19	57	1	330	225.0	-120.0	0.22	-16.78	54.63	306.75	-53.25	-0.390	-2.470	0.610	-14.310	-6712.000	-5724.000
2010	11	26	19	57	1	330	225.0	-128.0	-0.70	-9.62	54.63	306.75	-53.25	-0.390	-2.470	-0.310	-7.150	-3848.000	-2860.000
2010	11	26	19	57	1	330	225.0	-136.0	2.27	-16.22	54.63	306.74	-53.26	-0.390	-2.510	2.660	-13.710	-6488.000	-5484.000
2010	11	26	19	57	1	330	225.0	-144.0	2.65	-19.37	54.63	306.74	-53.26	-0.390	-2.510	3.040	-16.860	-7748.000	-6744.000
2010	11	26	19	57	1	330	225.0	-152.0	-2.72	-16.81	54.63	306.74	-53.26	-0.390	-2.510	-2.330	-14.300	-6724.000	-5720.000
2010	11	26	19	57	1	330	225.0	-160.0	-1.70	-17.88	54.63	306.74	-53.26	-0.390	-2.510	-1.310	-15.370	-7152.000	-6148.000
2010	11	26	19	57	1	330	225.0	-168.0	0.79	-21.06	54.63	306.74	-53.26	-0.390	-2.510	1.180	-18.550	-8424.000	-7420.000
2010	11	26	19	57	1	330	225.0	-176.0	-0.78	-17.77	54.63	306.74	-53.26	-0.390	-2.510	-0.390	-15.260	-7108.000	-6104.000
2010	11	26	19	57	1	330	225.0	-184.0	3.20	-17.22	54.63	306.74	-53.26	-0.390	-2.510	3.590	-14.710	-6888.000	-5884.000
2010	11	26	19	57	1	330	225.0	-192.0	1.85	-17.94	54.63	306.74	-53.26	-0.390	-2.510	2.240	-15.430	-7176.000	-6172.000
2010	11	26	19	57	1	330	225.0	-200.0	1.20	-18.82	54.63	306.74	-53.26	-0.390	-2.510	1.590	-16.310	-7528.000	-6524.000
2010	11	26	19	57	1	330	225.0	-208.0	1.56	-18.71	54.63	306.74	-53.26	-0.390	-2.510	1.950	-16.200	-7484.000	-6480.000
2010	11	26	19	57	1	330	225.0	-216.0	2.79	-18.20	54.63	306.74	-53.26	-0.390	-2.510	3.180	-15.690	-7280.000	-6276.000
2010	11	26	19	57	1	330	225.0	-224.0	1.58	-18.48	54.63	306.74	-53.26	-0.390	-2.510	1.970	-15.970	-7392.000	-6388.000
2010	11	26	19	57	1	330	225.0	-232.0	-1.59	-18.39	54.63	306.74	-53.26	-0.390	-2.510	-1.200	-15.880	-7356.000	-6352.000
2010	11	26	19	57	1	330	225.0	-240.0	-0.70	-21.21	54.63	306.74	-53.26	-0.390	-2.510	-0.310	-18.700	-8484.000	-7480.000
2010	11	26	19	57	1	330	225.0	-248.0	-1.10	-17.65	54.63	306.74	-53.26	-0.390	-2.510	-0.710	-15.140	-7060.000	-6056.000
2010	11	26	19	57	1	330	225.0	-256.0	-1.14	-20.82	54.63	306.74	-53.26	-0.390	-2.510	-0.750	-18.310	-8328.000	-7324.000
2010	11	26	19	57	1	330	225.0	-264.0	-2.40	-19.76	54.63	306.74	-53.26	-0.390	-2.510	-2.010	-17.250	-7904.000	-6900.000
2010	11	26	19	57	1	330	225.0	-272.0	-2.15	-20.27	54.63	306.74	-53.26	-0.390	-2.510	-1.760	-17.760	-8108.000	-7104.000
2010	11	26	19	57	1	330	225.0	-280.0	-5.02	-20.49	54.63	306.74	-53.26	-0.390	-2.510	-4.630	-17.980	-8196.000	-7192.000
2010	11	26	19	57	1	330	225.0	-288.0	-0.92	-18.57	54.63	306.74	-53.26	-0.390	-2.510	-0.530	-16.060	-7428.000	-6424.000
2010	11	26	19	57	1	330	225.0	-296.0	-0.14	-21.60	54.63	306.74	-53.26	-0.390	-2.510	0.250	-19.090	-8640.000	-7636.000
2010	11	26	19	57	1	330	225.0	-304.0	-0.68	-17.73	54.63	306.75	-53.25	-0.390	-2.470	-0.290	-15.260	-7092.000	-6104.000
2010	11	26	19	57	1	330	225.0	-312.0	-2.69	-17.83	54.63	306.75	-53.25	-0.390	-2.470	-2.300	-15.360	-7132.000	-6144.000
2010	11	26	19	57	1	330	225.0	-320.0	3.46	-15.63	54.63	306.74	-53.26	-0.390	-2.510	3.850	-13.120	-6252.000	-5248.000
2010	11	26	19	57	1	330	225.0	-328.0	-2.03	-13.24	54.63	306.74	-53.26	-0.390	-2.510	-1.640	-10.730	-5296.000	-4292.000
2010	11	26	19	57	1	330	225.0	-336.0	1.23	-16.23	54.63	306.75	-53.25	-0.390	-2.470	1.620	-13.760	-6492.000	-5504.000
2010	11	26	19	57	1	330	225.0	-344.0	-0.68	-20.27	54.63	306.75	-53.25	-0.390	-2.470	-0.290	-17.800	-8108.000	-7120.000
2010	11	26	19	57	1	330	225.0	-352.0	4.37	-15.95	54.63	306.75	-53.25	-0.390	-2.470	4.760	-13.480	-6380.000	-5392.000
2010	11	26	19	57	1	330	225.0	-360.0	3.36	-17.27	54.63	306.75	-53.25	-0.390	-2.470	3.750	-14.800	-6908.000	-5920.000
2010	11	26	19	57	1	330	225.0	-368.0	-0.07	-18.11	54.63	306.75	-53.25	-0.390	-2.470	0.320	-15.640	-7244.000	-6256.000
2010	11	26	19	57	1	330	225.0	-376.0	2.86	-16.28	54.63	306.75	-53.25	-0.390	-2.470	3.250	-13.810	-6512.000	-5524.000
2010	11	26	19	57	1	330	225.0	-384.0	1.33	-15.81	54.63	306.75	-53.25	-0.390	-2.470	1.720	-13.340	-6324.000	-5336.000
2010	11	26	19	57	1	330	225.0	-392.0	1.43	-14.31	54.63	306.75	-53.25	-0.390	-2.470	1.820	-11.840	-5724.000	-4736.000
2010	11	26	19	57	1	330	225.0	-400.0	3.38	-11.26	54.63	306.75	-53.25	-0.390	-2.470	3.770	-8.790	-4504.000	-3516.000
2010	11	26	19	57	1	330	225.0	-408.0	4.50	-12.78	54.63	306.75	-53.25	-0.390	-2.470	4.890	-10.310	-5112.000	-4124.000
2010	11	26	19	57	1	330	225.0	-416.0	2.20	-12.35	54.63	306.74	-53.26	-0.390	-2.510	2.590	-9.840	-4940.000	-3936.000
2010	11	26	19	57	1	330	225.0	-424.0	3.71	-16.88	54.63	306.75	-53.25	-0.390	-2.470	4.100	-14.410	-6752.000	-5764.000
2010	11	26	19	57	1	330	225.0	-432.0	4.03	-11.81	54.63	306.75	-53.25	-0.390	-2.470	4.420	-9.340	-4724.000	-3736.000
2010	11	26	19	57	1	330	225.0	-440.0	1.28	-15.03	54.63	306.75	-53.25	-0.390	-2.470	1.670	-12.560	-6012.000	-5024.000
2010	11	26	19	57	1	330	225.0	-448.0	-1.40	-11.01	54.63	306.74	-53.26	-0.390	-2.510	-1.010	-8.500	-4404.000	-3400.000
2010	11	26	19	57	1	330	225.0	-456.0	-0.77	-7.85	54.63	306.75	-53.25	-0.390	-2.470	-0.380	-5.380	-3140.000	-2152.000
2010	11	26	19	57	1	330	225.0	-464.0	-0.04	-6.89	54.63	306.74	-53.26	-0.390	-2.510	0.350	-4.380	-2756.000	-1752.000
2010	11	26	19	57	1	330	225.0	-472.0	5.01	-12.88	54.63	306.75	-53.25	-0.390	-2.470	5.400	-10.410	-5152.000	-4164.000
2010	11	26	19	57	1	330	225.0	-480.0	-1.35	-14.23	54.63	306.75	-53.25	-0.390	-2.470	-0.960	-11.760	-5692.000	-4704.000
2010	11	26	19	57	1	330	225.0	-488.0	-0.92	-13.14	54.63	306.75	-53.25	-0.390	-2.470	-0.530	-10.670	-5256.000	-4268.000
2010	11	26	19	57	1	330	225.0	-496.0	-0.74	-10.27	54.63	306.74	-53.26	-0.390	-2.510	-0.350	-7.760	-4108.000	-3104.000
2010	11	26	19	57	1	330	225.0	-504.0	-1.52	-11.91	54.63	306.74	-53.26	-0.390	-2.510	-1.130	-9.400	-4764.000	-3760.000
2010	11	26	19	57	1	330	225.0	-512.0	1.40	-10.53	54.63	306.74	-53.26	-0.390	-2.510	1.790	-8.020	-4212.000	-3208.000
2010	11	26	19	57	1	330	225.0	-520.0	0.68	-11.75	54.63	306.74	-53.26	-0.390	-2.510	1.070	-9.240	-4700.000	-3696.000
2010	11	26	19	57	1	330	225.0	-528.0	1.85	-11.23	54.63	306.75	-53.25	-0.390	-2.470	2.240	-8.760	-4492.000	-3504.000
2010	11	26	19	57	1	330	225.0	-536.0	1.93	-6.81	54.63	306.75	-53.25	-0.390	-2.470	2.320	-4.340	-2724.000	-1736.000
2010	11	26	19	57	1	330	225.0	-544.0	-0.20	-12.69	54.63	306.74	-53.26	-0.390	-2.510	0.190	-10.180	-5076.000	-4072.000
2010	11	26	19	57	1	330	225.0	-552.0	1.04	-10.11	54.63	306.74	-53.26	-0.390	-2.510	1.430	-7.600	-4044.000	-3040.000
2010	11	26	19	57	1	330	225.0	-560.0	0.87	-9.75	54.63	306.75	-53.25	-0.390	-2.470	1.260	-7.280	-3900.000	-2912.000
2010	11	26	19	57	1	330	225.0	-568.0	5.89	-9.28	54.63	306.75	-53.25	-0.390	-2.470	6.280	-6.810	-3712.000	-2724.000
2010	11	26	19	57	1	330	225.0	-576.0	0.96	-12.24	54.63	306.75	-53.25	-0.390	-2.470	1.350	-9.770	-4896.000	-3908.000
2010	11	27	2	30	1	331	245.0	-48.0	-2.21	-22.67	54.78	307.00	-53.00	2.320	0.170	-4.530	-22.840	-9068.000	-9136.000
2010	11	27	2	30	1	331	245.0	-72.0	7.99	-14.87	54.78	307.00	-53.00	2.320	0.170	5.670	-15.040	-5948.000	-6016.000
2010	11	27	2	30	1	331	245.0	-80.0	-5.81	-9.07	54.78	307.00	-53.00	2.320	0.170	-8.130	-9.240	-3628.000	-3696.000
2010	11	27	2	30	1	331	245.0	-88.0	-2.61	-13.37	54.78	307.00	-53.00	2.320	0.170	-4.930	-13.540	-5348.000	-5416.000
2010	11	27	2	30	1	331	245.0	-96.0	3.79	-18.37	54.78	307.00	-53.00	2.320	0.170	1.470	-18.540	-7348.000	-7416.000
2010	11	27	2	30	1	331	245.0	-104.0	-9.61	-19.17	54.78	307.00	-53.00	2.320	0.170	-11.930	-19.340	-7668.000	-7736.000
2010	11	27	2	30	1	331	245.0	-112.0	-7.31	-24.47	54.78	307.00	-53.00	2.320	0.170	-9.630	-24.640	-9788.000	-9856.000
2010	11	27	2	30	1	331	245.0	-120.0	-8.71	-20.07	54.78	307.00	-53.00	2.320	0.170	-11.030	-20.240	-8028.000	-8096.000
2010	11	27	2	30	1	331	245.0	-128.0	-6.41	-10.77	54.78	307.00	-53.00	2.320	0.170	-8.730	-10.940	-4308.000	-4376.000
2010	11	27	2	30	1	331	245.0	-136.0	-5.71	-9.67	54.78	307.00	-53.00	2.320	0.170	-8.030	-9.840	-3868.000	-3936.000
2010	11	27	2	30	1	331	245.0	-144.0	-17.61	-12.27	54.78	307.00	-53.00	2.320	0.170	-19.930	-12.440	-4908.000	-4976.000
2010	11	27	2	30	1	331	245.0	-184.0	4.79	-18.37	54.78	307.00	-53.00	2.320	0.170	2.470	-18.540	-7348.000	-7416.000
2010	11	27	2	30	1	331	245.0	-192.0	2.09	-24.77	54.78	307.00	-53.00	2.320	0.170	-0.230	-24.940	-9908.000	-9976.000
2010	11	27	2	30	1	331	245.0	-200.0	-0.51	-33.07	54.78	307.00	-53.00	2.320	0.170	-2.830	-33.240	-13228.000	-13296.000
2010	11	27	2	30	1	331	245.0	-208.0	13.49	-18.87	54.78	307.00	-53.00	2.320	0.170	11.170	-19.040	-7548.000	-7616.000
2010	11	27	2	30	1	331	245.0	-216.0	16.73	-24.25	54.78	307.00	-53.00	2.320	0.170	14.410	-24.420	-9700.000	-9768.000
2010	11	27	2	30	1	331	245.0	-224.0	12.09	-19.07	54.78	307.00	-53.00	2.320	0.170	9.770	-19.240	-7628.000	-7696.000
2010	11	27	2	30	1	331	245.0	-232.0	7.89	-20.27	54.78	307.00	-53.00	2.320	0.170	5.570	-20.440	-8108.000	-8176.000
2010	11	27	2	30	1	331	245.0	-240.0	11.59	-10.67	54.78	307.00	-53.00	2.320	0.170	9.270	-10.840	-4268.000	-4336.000
2010	11	27	2	30	1	331	245.0	-248.0	15.29	-10.77	54.78	307.00	-53.00	2.320	0.170	12.970	-10.940	-4308.000	-4376.000
2010	11	27	2	30	1	331	245.0	-256.0	10.69	-12.47	54.78	307.00	-53.00	2.320	0.170	8.370	-12.640	-4988.000	-5056.000
2010	11	27	2	30	1	331	245.0	-272.0	19.59	-21.57	54.78	307.00	-53.00	2.320	0.170	17.270	-21.740	-8628.000	-8696.000
2010	11	27	2	30	1	331	245.0	-280.0	20.78	-20.15	54.78	307.00	-53.00	2.320	0.170	18.460	-20.320	-8060.000	-8128.000
2010	11	27	2	30	1	331	245.0	-288.0	11.09	-20.47	54.78	307.00	-53.00	2.320	0.170	8.770	-20.640	-8188.000	-8256.000
2010	11	27	2	30	1	331	245.0	-296.0	20.59	-16.27	54.78	307.00	-53.00	2.320	0.170	18.270	-16.440	-6508.000	-6576.000
2010	11	27	2	30	1	331	245.0	-304.0	13.09	-9.77	54.78	307.00	-53.00	2.320	0.170	10.770	-9.940	-3908.000	-3976.000
2010	11	27	2	30	1	331	245.0	-312.0	9.43	-18.35	54.78	307.00	-53.00	2.320	0.170	7.110	-18.520	-7340.000	-7408.000
2010	11	27	2	30	1	331	245.0	-320.0	12.33	-11.20	54.78	307.00	-53.00	2.320	0.170	10.010	-11.370	-4480.000	-4548.000
2010	11	27	2	30	1	331	245.0	-328.0	10.23	-8.55	54.78	307.00	-53.00	2.320	0.170	7.910	-8.720	-3420.000	-3488.000
2010	11	27	2	30	1	331	245.0	-336.0	16.88	-9.45	54.78	307.00	-53.00	2.320	0.170	14.560	-9.620	-3780.000	-3848.000
2010	11	27	2	30	1	331	245.0	-344.0	13.83	-8.40	54.78	307.00	-53.00	2.320	0.170	11.510	-8.570	-3360.000	-3428.000
2010	11	27	2	30	1	331	245.0	-352.0	-2.71	-9.57	54.78	307.00	-53.00	2.320	0.170	-5.030	-9.740	-3828.000	-3896.000
2010	11	27	2	30	1	331	245.0	-360.0	8.09	-10.37	54.78	307.00	-53.00	2.320	0.170	5.770	-10.540	-4148.000	-4216.000
2010	11	27	2	30	1	331	245.0	-368.0	10.68	-12.70	54.78	307.00	-53.00	2.320	0.170	8.360	-12.870	-5080.000	-5148.000
2010	11	27	2	30	1	331	245.0	-376.0	7.23	-14.00	54.78	307.00	-53.00	2.320	0.170	4.910	-14.170	-5600.000	-5668.000
2010	11	27	2	30	1	331	245.0	-384.0	8.09	-1.77	54.78	307.00	-53.00	2.320	0.170	5.770	-1.940	-708.000	-776.000
2010	11	27	2	30	1	331	245.0	-392.0	7.78	-15.10	54.78	307.00	-53.00	2.320	0.170	5.460	-15.270	-6040.000	-6108.000
2010	11	27	2	30	1	331	245.0	-400.0	4.28	-19.75	54.78	307.00	-53.00	2.320	0.170	1.960	-19.920	-7900.000	-7968.000
2010	11	27	2	30	1	331	245.0	-408.0	1.59	-17.77	54.78	307.00	-53.00	2.320	0.170	-0.730	-17.940	-7108.000	-7176.000
2010	11	27	2	30	1	331	245.0	-416.0	9.09	-18.37	54.78	307.00	-53.00	2.320	0.170	6.770	-18.540	-7348.000	-7416.000
2010	11	27	2	30	1	331	245.0	-440.0	9.53	-21.65	54.78	307.00	-53.00	2.320	0.170	7.210	-21.820	-8660.000	-8728.000
2010	11	27	2	30	1	331	245.0	-448.0	8.18	-24.90	54.78	307.00	-53.00	2.320	0.170	5.860	-25.070	-9960.000	-10028.000
2010	11	27	2	30	1	331	245.0	-456.0	5.73	-27.20	54.78	307.00	-53.00	2.320	0.170	3.410	-27.370	-10880.000	-10948.000
2010	11	27	2	30	1	331	245.0	-464.0	5.09	-36.27	54.78	307.00	-53.00	2.320	0.170	2.770	-36.440	-14508.000	-14576.000
2010	11	27	2	30	1	331	245.0	-472.0	3.99	-26.67	54.78	307.00	-53.00	2.320	0.170	1.670	-26.840	-10668.000	-10736.000
2010	11	27	2	30	1	331	245.0	-480.0	3.29	-25.37	54.78	307.00	-53.00	2.320	0.170	0.970	-25.540	-10148.000	-10216.000
2010	11	27	2	30	1	331	245.0	-488.0	13.98	-24.24	54.78	307.00	-53.00	2.320	0.170	11.660	-24.410	-9696.000	-9764.000
2010	11	27	2	30	1	331	245.0	-496.0	7.88	-15.45	54.78	307.00	-53.00	2.320	0.170	5.560	-15.620	-6180.000	-6248.000
2010	11	27	2	30	1	331	245.0	-504.0	1.98	-22.85	54.78	307.00	-53.00	2.320	0.170	-0.340	-23.020	-9140.000	-9208.000
2010	11	27	2	30	1	331	245.0	-512.0	6.99	-29.97	54.78	307.00	-53.00	2.320	0.170	4.670	-30.140	-11988.000	-12056.000
2010	11	27	2	30	1	331	245.0	-520.0	18.08	-27.94	54.78	307.00	-53.00	2.320	0.170	15.760	-28.110	-11176.000	-11244.000
2010	11	27	2	30	1	331	245.0	-528.0	21.88	-17.44	54.78	307.00	-53.00	2.320	0.170	19.560	-17.610	-6976.000	-7044.000
2010	11	27	2	30	1	331	245.0	-536.0	14.38	-17.84	54.78	307.00	-53.00	2.320	0.170	12.060	-18.010	-7136.000	-7204.000
2010	11	27	3	42	1	331	250.0	-32.0	28.82	-35.61	54.79	307.01	-52.99	4.040	-2.740	24.780	-32.870	-14244.000	-13148.000
2010	11	27	3	42	1	331	250.0	-40.0	18.22	-28.31	54.79	307.01	-52.99	4.040	-2.740	14.180	-25.570	-11324.000	-10228.000
2010	11	27	3	42	1	331	250.0	-48.0	12.62	-29.91	54.79	307.01	-52.99	4.040	-2.740	8.580	-27.170	-11964.000	-10868.000
2010	11	27	3	42	1	331	250.0	-56.0	5.02	-25.91	54.79	307.01	-52.99	4.040	-2.740	0.980	-23.170	-10364.000	-9268.000
2010	11	27	3	42	1	331	250.0	-64.0	3.12	-29.41	54.79	307.01	-52.99	4.040	-2.740	-0.920	-26.670	-11764.000	-10668.000
2010	11	27	3	42	1	331	250.0	-72.0	9.52	-26.51	54.79	307.01	-52.99	4.040	-2.740	5.480	-23.770	-10604.000	-9508.000
2010	11	27	3	42	1	331	250.0	-80.0	5.52	-34.41	54.79	307.01	-52.99	4.040	-2.740	1.480	-31.670	-13764.000	-12668.000
2010	11	27	3	42	1	331	250.0	-88.0	1.92	-30.51	54.79	307.01	-52.99	4.040	-2.740	-2.120	-27.770	-12204.000	-11108.000
2010	11	27	3	42	1	331	250.0	-96.0	3.62	-22.61	54.79	307.01	-52.99	4.040	-2.740	-0.420	-19.870	-9044.000	-7948.000
2010	11	27	3	42	1	331	250.0	-104.0	2.92	-15.01	54.79	307.01	-52.99	4.040	-2.740	-1.120	-12.270	-6004.000	-4908.000
2010	11	27	3	42	1	331	250.0	-112.0	-2.08	-5.21	54.79	307.01	-52.99	4.040	-2.740	-6.120	-2.470	-2084.000	-988.000
2010	11	27	3	42	1	331	250.0	-120.0	-7.38	-6.31	54.79	307.01	-52.99	4.040	-2.740	-11.420	-3.570	-2524.000	-1428.000
2010	11	27	3	42	1	331	250.0	-128.0	-5.98	-16.11	54.79	307.01	-52.99	4.040	-2.740	-10.020	-13.370	-6444.000	-5348.000
2010	11	27	3	42	1	331	250.0	-152.0	-1.38	-18.91	54.79	307.01	-52.99	4.040	-2.740	-5.420	-16.170	-7564.000	-6468.000
2010	11	27	3	42	1	331	250.0	-160.0	4.32	-13.71	54.79	307.01	-52.99	4.040	-2.740	0.280	-10.970	-5484.000	-4388.000
2010	11	27	3	42	1	331	250.0	-168.0	0.82	-15.81	54.79	307.01	-52.99	4.040	-2.740	-3.220	-13.070	-6324.000	-5228.000
2010	11	27	3	42	1	331	250.0	-176.0	6.42	-23.01	54.79	307.01	-52.99	4.040	-2.740	2.380	-20.270	-9204.000	-8108.000
2010	11	27	3	42	1	331	250.0	-184.0	-2.08	-28.61	54.79	307.01	-52.99	4.040	-2.740	-6.120	-25.870	-11444.000	-10348.000
2010	11	27	3	42	1	331	250.0	-192.0	0.22	-34.21	54.79	307.01	-52.99	4.040	-2.740	-3.820	-31.470	-13684.000	-12588.000
2010	11	27	3	42	1	331	250.0	-200.0	3.42	-27.41	54.79	307.01	-52.99	4.040	-2.740	-0.620	-24.670	-10964.000	-9868.000
2010	11	27	3	42	1	331	250.0	-208.0	2.02	-31.01	54.79	307.01	-52.99	4.040	-2.740	-2.020	-28.270	-12404.000	-11308.000
2010	11	27	3	42	1	331	250.0	-216.0	7.42	-29.81	54.79	307.01	-52.99	4.040	-2.740	3.380	-27.070	-11924.000	-10828.000
2010	11	27	3	42	1	331	250.0	-224.0	13.82	-26.41	54.79	307.01	-52.99	4.040	-2.740	9.780	-23.670	-10564.000	-9468.000
2010	11	27	3	42	1	331	250.0	-232.0	3.22	-29.41	54.79	307.01	-52.99	4.040	-2.740	-0.820	-26.670	-11764.000	-10668.000
2010	11	27	3	42	1	331	250.0	-240.0	6.22	-27.91	54.79	307.01	-52.99	4.040	-2.740	2.180	-25.170	-11164.000	-10068.000
2010	11	27	3	42	1	331	250.0	-248.0	14.02	-29.41	54.79	307.01	-52.99	4.040	-2.740	9.980	-26.670	-11764.000	-10668.000
2010	11	27	3	42	1	331	250.0	-256.0	11.52	-30.81	54.79	307.01	-52.99	4.040	-2.740	7.480	-28.070	-12324.000	-11228.000
2010	11	27	3	42	1	331	250.0	-264.0	15.82	-28.21	54.79	307.01	-52.99	4.040	-2.740	11.780	-25.470	-11284.000	-10188.000
2010	11	27	3	42	1	331	250.0	-272.0	14.12	-22.71	54.79	307.01	-52.99	4.040	-2.740	10.080	-19.970	-9084.000	-7988.000
2010	11	27	3	42	1	331	250.0	-280.0	9.02	-25.31	54.79	307.01	-52.99	4.040	-2.740	4.980	-22.570	-10124.000	-9028.000
2010	11	27	3	42	1	331	250.0	-288.0	11.72	-27.01	54.79	307.01	-52.99	4.040	-2.740	7.680	-24.270	-10804.000	-9708.000
2010	11	27	3	42	1	331	250.0	-296.0	19.22	-24.71	54.79	307.01	-52.99	4.040	-2.740	15.180	-21.970	-9884.000	-8788.000
2010	11	27	3	42	1	331	250.0	-304.0	18.52	-20.81	54.79	307.01	-52.99	4.040	-2.740	14.480	-18.070	-8324.000	-7228.000
2010	11	27	3	42	1	331	250.0	-312.0	5.42	-13.81	54.79	307.01	-52.99	4.040	-2.740	1.380	-11.070	-5524.000	-4428.000
2010	11	27	3	42	1	331	250.0	-320.0	13.02	-12.61	54.79	307.01	-52.99	4.040	-2.740	8.980	-9.870	-5044.000	-3948.000
2010	11	27	3	42	1	331	250.0	-328.0	20.02	-10.81	54.79	307.01	-52.99	4.040	-2.740	15.980	-8.070	-4324.000	-3228.000
2010	11	27	3	42	1	331	250.0	-336.0	16.02	-13.11	54.79	307.01	-52.99	4.040	-2.740	11.980	-10.370	-5244.000	-4148.000
2010	11	27	3	42	1	331	250.0	-344.0	8.42	-12.11	54.79	307.01	-52.99	4.040	-2.740	4.380	-9.370	-4844.000	-3748.000
2010	11	27	3	42	1	331	250.0	-352.0	2.92	-7.41	54.79	307.01	-52.99	4.040	-2.740	-1.120	-4.670	-2964.000	-1868.000
2010	11	27	3	42	1	331	250.0	-360.0	2.82	-9.41	54.79	307.01	-52.99	4.040	-2.740	-1.220	-6.670	-3764.000	-2668.000
2010	11	27	3	42	1	331	250.0	-368.0	6.52	-11.61	54.79	307.01	-52.99	4.040	-2.740	2.480	-8.870	-4644.000	-3548.000
2010	11	27	3	42	1	331	250.0	-376.0	6.12	-17.11	54.79	307.01	-52.99	4.040	-2.740	2.080	-14.370	-6844.000	-5748.000
2010	11	27	3	42	1	331	250.0	-384.0	6.12	-19.31	54.79	307.01	-52.99	4.040	-2.740	2.080	-16.570	-7724.000	-6628.000
2010	11	27	3	42	1	331	250.0	-392.0	-2.18	-15.91	54.79	307.01	-52.99	4.040	-2.740	-6.220	-13.170	-6364.000	-5268.000
2010	11	27	3	42	1	331	250.0	-400.0	3.72	-12.91	54.79	307.01	-52.99	4.040	-2.740	-0.320	-10.170	-5164.000	-4068.000
2010	11	27	3	42	1	331	250.0	-408.0	5.92	-13.41	54.79	307.01	-52.99	4.040	-2.740	1.880	-10.670	-5364.000	-4268.000
2010	11	27	3	42	1	331	250.0	-416.0	-0.68	-13.71	54.79	307.01	-52.99	4.040	-2.740	-4.720	-10.970	-5484.000	-4388.000
2010	11	27	3	42	1	331	250.0	-424.0	1.32	-25.41	54.79	307.01	-52.99	4.040	-2.740	-2.720	-22.670	-10164.000	-9068.000
2010	11	27	3	42	1	331	250.0	-432.0	-4.88	-24.31	54.79	307.01	-52.99	4.040	-2.740	-8.920	-21.570	-9724.000	-8628.000
2010	11	27	3	42	1	331	250.0	-440.0	-4.08	-28.01	54.79	307.01	-52.99	4.040	-2.740	-8.120	-25.270	-11204.000	-10108.000
2010	11	27	3	42	1	331	250.0	-448.0	-1.48	-25.31	54.79	307.01	-52.99	4.040	-2.740	-5.520	-22.570	-10124.000	-9028.000
2010	11	27	3	42	1	331	250.0	-456.0	-3.28	-25.21	54.79	307.01	-52.99	4.040	-2.740	-7.320	-22.470	-10084.000	-8988.000
2010	11	27	3	42	1	331	250.0	-464.0	-4.38	-18.71	54.79	307.01	-52.99	4.040	-2.740	-8.420	-15.970	-7484.000	-6388.000
2010	11	27	3	42	1	331	250.0	-472.0	2.62	-28.51	54.79	307.01	-52.99	4.040	-2.740	-1.420	-25.770	-11404.000	-10308.000
2010	11	27	3	42	1	331	250.0	-480.0	9.82	-21.41	54.79	307.01	-52.99	4.040	-2.740	5.780	-18.670	-8564.000	-7468.000
2010	11	27	3	42	1	331	250.0	-488.0	0.12	-27.31	54.79	307.01	-52.99	4.040	-2.740	-3.920	-24.570	-10924.000	-9828.000
2010	11	27	3	42	1	331	250.0	-496.0	0.52	-26.51	54.79	307.01	-52.99	4.040	-2.740	-3.520	-23.770	-10604.000	-9508.000
2010	11	27	3	42	1	331	250.0	-504.0	12.22	-21.31	54.79	307.01	-52.99	4.040	-2.740	8.180	-18.570	-8524.000	-7428.000
2010	11	27	3	42	1	331	250.0	-512.0	11.62	-27.11	54.79	307.01	-52.99	4.040	-2.740	7.580	-24.370	-10844.000	-9748.000
2010	11	27	3	42	1	331	250.0	-520.0	3.82	-30.91	54.79	307.01	-52.99	4.040	-2.740	-0.220	-28.170	-12364.000	-11268.000
2010	11	27	3	42	1	331	250.0	-528.0	8.82	-25.81	54.79	307.01	-52.99	4.040	-2.740	4.780	-23.070	-10324.000	-9228.000
2010	11	27	3	42	1	331	250.0	-536.0	4.82	-29.21	54.79	307.01	-52.99	4.040	-2.740	0.780	-26.470	-11684.000	-10588.000
2010	11	27	3	42	1	331	250.0	-544.0	7.12	-25.81	54.79	307.01	-52.99	4.040	-2.740	3.080	-23.070	-10324.000	-9228.000
2010	11	27	3	42	1	331	250.0	-552.0	11.82	-32.31	54.79	307.01	-52.99	4.040	-2.740	7.780	-29.570	-12924.000	-11828.000
2010	11	27	3	42	1	331	250.0	-560.0	8.02	-21.41	54.79	307.01	-52.99	4.040	-2.740	3.980	-18.670	-8564.000	-7468.000
2010	11	27	3	42	1	331	250.0	-568.0	6.42	-16.01	54.79	307.01	-52.99	4.040	-2.740	2.380	-13.270	-6404.000	-5308.000
2010	11	27	3	42	1	331	250.0	-576.0	14.42	-17.01	54.79	307.01	-52.99	4.040	-2.740	10.380	-14.270	-6804.000	-5708.000
2010	11	27	3	42	1	331	250.0	-584.0	15.62	-17.81	54.79	307.01	-52.99	4.040	-2.740	11.580	-15.070	-7124.000	-6028.000
2010	11	27	3	42	1	331	250.0	-592.0	13.72	-20.01	54.79	307.01	-52.99	4.040	-2.740	9.680	-17.270	-8004.000	-6908.000
2010	11	27	3	42	1	331	250.0	-600.0	15.32	-17.81	54.79	307.01	-52.99	4.040	-2.740	11.280	-15.070	-7124.000	-6028.000
2010	11	27	3	42	1	331	250.0	-608.0	16.12	-12.91	54.79	307.01	-52.99	4.040	-2.740	12.080	-10.170	-5164.000	-4068.000
2010	11	27	3	42	1	331	250.0	-616.0	16.32	-18.01	54.79	307.01	-52.99	4.040	-2.740	12.280	-15.270	-7204.000	-6108.000
2010	11	27	3	42	1	331	250.0	-624.0	16.52	-23.11	54.79	307.01	-52.99	4.040	-2.740	12.480	-20.370	-9244.000	-8148.000
2010	11	27	4	13	1	331	255.0	-64.0	20.66	-10.06	54.84	307.11	-52.89	4.170	-3.660	16.490	-6.400	-4024.000	-2560.000
2010	11	27	4	13	1	331	255.0	-72.0	27.16	-0.36	54.84	307.11	-52.89	4.170	-3.660	22.990	3.300	-144.000	1320.000
2010	11	27	4	13	1	331	255.0	-80.0	26.26	-7.96	54.84	307.11	-52.89	4.170	-3.660	22.090	-4.300	-3184.000	-1720.000
2010	11	27	4	13	1	331	255.0	-96.0	14.96	-9.86	54.84	307.11	-52.89	4.170	-3.660	10.790	-6.200	-3944.000	-2480.000
2010	11	27	4	13	1	331	255.0	-104.0	2.56	-4.36	54.84	307.11	-52.89	4.170	-3.660	-1.610	-0.700	-1744.000	-280.000
2010	11	27	4	13	1	331	255.0	-112.0	-1.34	-7.56	54.84	307.11	-52.89	4.170	-3.660	-5.510	-3.900	-3024.000	-1560.000
2010	11	27	4	13	1	331	255.0	-120.0	-5.74	-12.96	54.84	307.11	-52.89	4.170	-3.660	-9.910	-9.300	-5184.000	-3720.000
2010	11	27	4	13	1	331	255.0	-128.0	-4.74	-17.76	54.84	307.11	-52.89	4.170	-3.660	-8.910	-14.100	-7104.000	-5640.000
2010	11	27	4	13	1	331	255.0	-136.0	7.76	-11.16	54.84	307.11	-52.89	4.170	-3.660	3.590	-7.500	-4464.000	-3000.000
2010	11	27	4	13	1	331	255.0	-144.0	8.26	-13.26	54.84	307.11	-52.89	4.170	-3.660	4.090	-9.600	-5304.000	-3840.000
2010	11	27	4	13	1	331	255.0	-152.0	0.86	-10.36	54.84	307.11	-52.89	4.170	-3.660	-3.310	-6.700	-4144.000	-2680.000
2010	11	27	4	13	1	331	255.0	-160.0	6.86	-1.16	54.84	307.11	-52.89	4.170	-3.660	2.690	2.500	-464.000	1000.000
2010	11	27	4	13	1	331	255.0	-168.0	3.96	0.34	54.84	307.11	-52.89	4.170	-3.660	-0.210	4.000	136.000	1600.000
2010	11	27	4	13	1	331	255.0	-176.0	2.06	5.24	54.84	307.11	-52.89	4.170	-3.660	-2.110	8.900	2096.000	3560.000
2010	11	27	4	13	1	331	255.0	-184.0	6.86	1.24	54.84	307.11	-52.89	4.170	-3.660	2.690	4.900	496.000	1960.000
2010	11	27	4	13	1	331	255.0	-192.0	16.66	-0.66	54.84	307.11	-52.89	4.170	-3.660	12.490	3.000	-264.000	1200.000
2010	11	27	4	13	1	331	255.0	-200.0	12.56	-1.76	54.84	307.11	-52.89	4.170	-3.660	8.390	1.900	-704.000	760.000
2010	11	27	4	13	1	331	255.0	-216.0	19.46	11.94	54.84	307.11	-52.89	4.170	-3.660	15.290	15.600	4776.000	6240.000
2010	11	27	4	13	1	331	255.0	-232.0	17.26	5.64	54.84	307.11	-52.89	4.170	-3.660	13.090	9.300	2256.000	3720.000
2010	11	27	4	13	1	331	255.0	-248.0	20.56	8.14	54.84	307.11	-52.89	4.170	-3.660	16.390	11.800	3256.000	4720.000
2010	11	27	4	13	1	331	255.0	-256.0	21.26	9.54	54.84	307.11	-52.89	4.170	-3.660	17.090	13.200	3816.000	5280.000
2010	11	27	4	13	1	331	255.0	-264.0	13.26	6.24	54.84	307.11	-52.89	4.170	-3.660	9.090	9.900	2496.000	3960.000
2010	11	27	4	13	1	331	255.0	-272.0	19.46	4.64	54.84	307.11	-52.89	4.170	-3.660	15.290	8.300	1856.000	3320.000
2010	11	27	4	13	1	331	255.0	-280.0	20.46	-2.36	54.84	307.11	-52.89	4.170	-3.660	16.290	1.300	-944.000	520.000
2010	11	27	4	13	1	331	255.0	-288.0	12.36	-8.36	54.84	307.11	-52.89	4.170	-3.660	8.190	-4.700	-3344.000	-1880.000
2010	11	27	4	13	1	331	255.0	-312.0	10.76	1.84	54.84	307.11	-52.89	4.170	-3.660	6.590	5.500	736.000	2200.000
2010	11	27	4	13	1	331	255.0	-336.0	9.36	0.04	54.84	307.11	-52.89	4.170	-3.660	5.190	3.700	16.000	1480.000
2010	11	27	4	28	1	331	260.0	-72.0	24.23	-22.07	54.86	307.15	-52.85	4.070	-3.840	20.160	-18.230	-8828.000	-7292.000
2010	11	27	4	28	1	331	260.0	-80.0	20.93	-15.67	54.86	307.15	-52.85	4.070	-3.840	16.860	-11.830	-6268.000	-4732.000
2010	11	27	4	28	1	331	260.0	-88.0	16.53	-13.97	54.86	307.15	-52.85	4.070	-3.840	12.460	-10.130	-5588.000	-4052.000
2010	11	27	4	28	1	331	260.0	-96.0	24.43	-14.27	54.86	307.15	-52.85	4.070	-3.840	20.360	-10.430	-5708.000	-4172.000
2010	11	27	4	28	1	331	260.0	-104.0	26.33	-6.57	54.86	307.15	-52.85	4.070	-3.840	22.260	-2.730	-2628.000	-1092.000
2010	11	27	4	28	1	331	260.0	-112.0	19.73	-10.57	54.86	307.15	-52.85	4.070	-3.840	15.660	-6.730	-4228.000	-2692.000
2010	11	27	4	28	1	331	260.0	-120.0	14.43	-18.27	54.86	307.15	-52.85	4.070	-3.840	10.360	-14.430	-7308.000	-5772.000
2010	11	27	4	28	1	331	260.0	-128.0	8.83	-17.47	54.86	307.15	-52.85	4.070	-3.840	4.760	-13.630	-6988.000	-5452.000
2010	11	27	4	28	1	331	260.0	-136.0	3.23	-17.07	54.86	307.15	-52.85	4.070	-3.840	-0.840	-13.230	-6828.000	-5292.000
2010	11	27	4	28	1	331	260.0	-144.0	-3.57	-13.47	54.86	307.15	-52.85	4.070	-3.840	-7.640	-9.630	-5388.000	-3852.000
2010	11	27	4	28	1	331	260.0	-152.0	3.03	-9.47	54.86	307.15	-52.85	4.070	-3.840	-1.040	-5.630	-3788.000	-2252.000
2010	11	27	4	28	1	331	260.0	-160.0	2.03	-13.17	54.86	307.15	-52.85	4.070	-3.840	-2.040	-9.330	-5268.000	-3732.000
2010	11	27	4	28	1	331	260.0	-168.0	6.83	-13.47	54.86	307.15	-52.85	4.070	-3.840	2.760	-9.630	-5388.000	-3852.000
2010	11	27	4	28	1	331	260.0	-176.0	13.03	-14.27	54.86	307.15	-52.85	4.070	-3.840	8.960	-10.430	-5708.000	-4172.000
2010	11	27	4	28	1	331	260.0	-184.0	5.93	-9.57	54.86	307.15	-52.85	4.070	-3.840	1.860	-5.730	-3828.000	-2292.000
2010	11	27	4	28	1	331	260.0	-192.0	15.63	-10.57	54.86	307.15	-52.85	4.070	-3.840	11.560	-6.730	-4228.000	-2692.000
2010	11	27	4	28	1	331	260.0	-200.0	10.53	-10.17	54.86	307.15	-52.85	4.070	-3.840	6.460	-6.330	-4068.000	-2532.000
2010	11	27	4	28	1	331	260.0	-208.0	17.53	5.93	54.86	307.15	-52.85	4.070	-3.840	13.460	9.770	2372.000	3908.000
2010	11	27	4	28	1	331	260.0	-216.0	13.63	-10.47	54.86	307.15	-52.85	4.070	-3.840	9.560	-6.630	-4188.000	-2652.000
2010	11	27	4	28	1	331	260.0	-224.0	20.53	-0.57	54.86	307.15	-52.85	4.070	-3.840	16.460	3.270	-228.000	1308.000
2010	11	27	4	28	1	331	260.0	-232.0	16.03	-0.67	54.86	307.15	-52.85	4.070	-3.840	11.960	3.170	-268.000	1268.000
2010	11	27	4	28	1	331	260.0	-240.0	24.83	6.03	54.86	307.15	-52.85	4.070	-3.840	20.760	9.870	2412.000	3948.000
2010	11	27	4	28	1	331	260.0	-248.0	18.53	-7.37	54.86	307.15	-52.85	4.070	-3.840	14.460	-3.530	-2948.000	-1412.000
2010	11	27	4	28	1	331	260.0	-256.0	20.33	1.93	54.86	307.15	-52.85	4.070	-3.840	16.260	5.770	772.000	2308.000
2010	11	27	4	28	1	331	260.0	-272.0	21.43	-1.97	54.86	307.15	-52.85	4.070	-3.840	17.360	1.870	-788.000	748.000
2010	11	27	4	28	1	331	260.0	-280.0	26.43	0.53	54.86	307.15	-52.85	4.070	-3.840	22.360	4.370	212.000	1748.000
2010	11	27	4	28	1	331	260.0	-304.0	22.43	-0.67	54.86	307.15	-52.85	4.070	-3.840	18.360	3.170	-268.000	1268.000
2010	11	27	4	44	1	331	265.0	-72.0	24.37	-17.87	54.88	307.19	-52.81	4.010	-4.000	20.360	-13.870	-7148.000	-5548.000
2010	11	27	4	44	1	331	265.0	-80.0	32.77	-33.27	54.88	307.19	-52.81	4.010	-4.000	28.760	-29.270	-13308.000	-11708.000
2010	11	27	4	44	1	331	265.0	-88.0	34.07	-31.07	54.88	307.19	-52.81	4.010	-4.000	30.060	-27.070	-12428.000	-10828.000
2010	11	27	4	44	1	331	265.0	-96.0	31.67	-13.67	54.88	307.19	-52.81	4.010	-4.000	27.660	-9.670	-5468.000	-3868.000
2010	11	27	4	44	1	331	265.0	-112.0	27.77	-12.37	54.88	307.19	-52.81	4.010	-4.000	23.760	-8.370	-4948.000	-3348.000
2010	11	27	4	44	1	331	265.0	-120.0	19.77	-11.17	54.88	307.19	-52.81	4.010	-4.000	15.760	-7.170	-4468.000	-2868.000
2010	11	27	4	44	1	331	265.0	-128.0	7.47	-9.87	54.88	307.19	-52.81	4.010	-4.000	3.460	-5.870	-3948.000	-2348.000
2010	11	27	4	44	1	331	265.0	-136.0	10.47	-3.87	54.88	307.19	-52.81	4.010	-4.000	6.460	0.130	-1548.000	52.000
2010	11	27	4	44	1	331	265.0	-144.0	14.97	-10.47	54.88	307.19	-52.81	4.010	-4.000	10.960	-6.470	-4188.000	-2588.000
2010	11	27	4	44	1	331	265.0	-152.0	17.10	-6.32	54.89	307.20	-52.80	3.980	-3.940	13.120	-2.380	-2528.000	-952.000
2010	11	27	4	44	1	331	265.0	-160.0	9.92	-7.36	54.89	307.21	-52.79	3.980	-3.940	5.940	-3.420	-2944.000	-1368.000
2010	11	27	4	44	1	331	265.0	-168.0	14.40	-5.37	54.89	307.20	-52.80	3.980	-3.940	10.420	-1.430	-2148.000	-572.000
2010	11	27	4	44	1	331	265.0	-176.0	15.50	-2.92	54.89	307.20	-52.80	3.980	-3.940	11.520	1.020	-1168.000	408.000
2010	11	27	4	44	1	331	265.0	-184.0	18.35	-0.27	54.89	307.20	-52.80	3.980	-3.940	14.370	3.670	-108.000	1468.000
2010	11	27	4	44	1	331	265.0	-192.0	11.80	-6.72	54.89	307.20	-52.80	3.980	-3.940	7.820	-2.780	-2688.000	-1112.000
2010	11	27	4	44	1	331	265.0	-200.0	21.17	-6.37	54.88	307.19	-52.81	4.010	-4.000	17.160	-2.370	-2548.000	-948.000
2010	11	27	4	44	1	331	265.0	-264.0	31.87	5.13	54.88	307.19	-52.81	4.010	-4.000	27.860	9.130	2052.000	3652.000
2010	11	27	5	28	1	331	275.0	-88.0	22.14	-17.51	54.95	307.32	-52.68	3.510	-3.760	18.630	-13.750	-7004.000	-5500.000
2010	11	27	8	16	1	331	290.0	-40.0	12.87	-34.61	55.06	307.51	-52.49	-0.860	0.000	13.730	-34.610	-13844.000	-13844.000
2010	11	27	8	16	1	331	290.0	-48.0	16.77	-29.47	55.06	307.51	-52.49	-0.860	0.000	17.630	-29.470	-11788.000	-11788.000
2010	11	27	8	16	1	331	290.0	-56.0	19.67	-22.89	55.06	307.51	-52.49	-0.860	0.000	20.530	-22.890	-9156.000	-9156.000
2010	11	27	8	16	1	331	290.0	-64.0	19.47	-16.08	55.06	307.51	-52.49	-0.860	0.000	20.330	-16.080	-6432.000	-6432.000
2010	11	27	8	16	1	331	290.0	-72.0	14.35	-11.81	55.06	307.51	-52.49	-0.860	0.000	15.210	-11.810	-4724.000	-4724.000
2010	11	27	8	16	1	331	290.0	-80.0	17.42	-6.04	55.06	307.51	-52.49	-0.860	0.000	18.280	-6.040	-2416.000	-2416.000
2010	11	27	8	16	1	331	290.0	-88.0	18.13	0.63	55.06	307.51	-52.49	-0.860	0.000	18.990	0.630	252.000	252.000
2010	11	27	8	16	1	331	290.0	-96.0	19.37	3.82	55.06	307.51	-52.49	-0.860	0.000	20.230	3.820	1528.000	1528.000
2010	11	27	8	16	1	331	290.0	-104.0	20.18	7.71	55.06	307.51	-52.49	-0.860	0.000	21.040	7.710	3084.000	3084.000
2010	11	27	8	16	1	331	290.0	-112.0	17.73	3.45	55.06	307.51	-52.49	-0.860	0.000	18.590	3.450	1380.000	1380.000
2010	11	27	8	16	1	331	290.0	-120.0	19.83	-0.97	55.06	307.51	-52.49	-0.860	0.000	20.690	-0.970	-388.000	-388.000
2010	11	27	8	16	1	331	290.0	-128.0	19.13	-4.44	55.06	307.51	-52.49	-0.860	0.000	19.990	-4.440	-1776.000	-1776.000
2010	11	27	8	16	1	331	290.0	-136.0	20.96	-5.20	55.06	307.51	-52.49	-0.860	0.000	21.820	-5.200	-2080.000	-2080.000
2010	11	27	8	16	1	331	290.0	-144.0	19.95	-8.39	55.06	307.51	-52.49	-0.860	0.000	20.810	-8.390	-3356.000	-3356.000
2010	11	27	8	16	1	331	290.0	-152.0	18.48	-14.82	55.06	307.51	-52.49	-0.860	0.000	19.340	-14.820	-5928.000	-5928.000
2010	11	27	8	16	1	331	290.0	-160.0	21.54	-12.55	55.06	307.51	-52.49	-0.860	0.000	22.400	-12.550	-5020.000	-5020.000
2010	11	27	8	16	1	331	290.0	-168.0	23.11	-13.22	55.06	307.51	-52.49	-0.860	0.000	23.970	-13.220	-5288.000	-5288.000
2010	11	27	8	16	1	331	290.0	-176.0	23.76	-13.38	55.06	307.51	-52.49	-0.860	0.000	24.620	-13.380	-5352.000	-5352.000
2010	11	27	8	16	1	331	290.0	-184.0	22.25	-14.00	55.06	307.51	-52.49	-0.860	0.000	23.110	-14.000	-5600.000	-5600.000
2010	11	27	8	16	1	331	290.0	-192.0	23.27	-13.14	55.06	307.51	-52.49	-0.860	0.000	24.130	-13.140	-5256.000	-5256.000
2010	11	27	8	16	1	331	290.0	-200.0	25.12	-14.11	55.06	307.51	-52.49	-0.860	0.000	25.980	-14.110	-5644.000	-5644.000
2010	11	27	8	16	1	331	290.0	-208.0	25.50	-11.51	55.06	307.51	-52.49	-0.860	0.000	26.360	-11.510	-4604.000	-4604.000
2010	11	27	8	16	1	331	290.0	-216.0	28.17	-10.93	55.06	307.51	-52.49	-0.860	0.000	29.030	-10.930	-4372.000	-4372.000
2010	11	27	8	16	1	331	290.0	-224.0	25.98	-10.35	55.06	307.51	-52.49	-0.860	0.000	26.840	-10.350	-4140.000	-4140.000
2010	11	27	8	16	1	331	290.0	-232.0	29.37	-8.41	55.06	307.51	-52.49	-0.860	0.000	30.230	-8.410	-3364.000	-3364.000
2010	11	27	8	16	1	331	290.0	-240.0	30.79	-8.18	55.06	307.51	-52.49	-0.860	0.000	31.650	-8.180	-3272.000	-3272.000
2010	11	27	8	16	1	331	290.0	-248.0	29.34	-8.64	55.06	307.51	-52.49	-0.860	0.000	30.200	-8.640	-3456.000	-3456.000
2010	11	27	8	16	1	331	290.0	-256.0	26.31	-10.39	55.06	307.51	-52.49	-0.860	0.000	27.170	-10.390	-4156.000	-4156.000
2010	11	27	8	16	1	331	290.0	-264.0	25.66	-8.12	55.06	307.51	-52.49	-0.860	0.000	26.520	-8.120	-3248.000	-3248.000
2010	11	27	8	16	1	331	290.0	-272.0	25.30	-7.28	55.06	307.51	-52.49	-0.860	0.000	26.160	-7.280	-2912.000	-2912.000
2010	11	27	8	16	1	331	290.0	-280.0	22.48	-7.80	55.06	307.51	-52.49	-0.860	0.000	23.340	-7.800	-3120.000	-3120.000
2010	11	27	8	16	1	331	290.0	-288.0	21.63	-7.50	55.06	307.51	-52.49	-0.860	0.000	22.490	-7.500	-3000.000	-3000.000
2010	11	27	8	16	1	331	290.0	-296.0	20.74	-8.75	55.06	307.51	-52.49	-0.860	0.000	21.600	-8.750	-3500.000	-3500.000
2010	11	27	8	16	1	331	290.0	-304.0	20.00	-6.11	55.06	307.51	-52.49	-0.860	0.000	20.860	-6.110	-2444.000	-2444.000
2010	11	27	8	16	1	331	290.0	-312.0	18.94	-7.73	55.06	307.51	-52.49	-0.860	0.000	19.800	-7.730	-3092.000	-3092.000
2010	11	27	8	16	1	331	290.0	-320.0	18.86	-11.74	55.06	307.51	-52.49	-0.860	0.000	19.720	-11.740	-4696.000	-4696.000
2010	11	27	8	16	1	331	290.0	-328.0	17.62	-11.04	55.06	307.51	-52.49	-0.860	0.000	18.480	-11.040	-4416.000	-4416.000
2010	11	27	8	16	1	331	290.0	-336.0	18.57	-9.48	55.06	307.51	-52.49	-0.860	0.000	19.430	-9.480	-3792.000	-3792.000
2010	11	27	8	16	1	331	290.0	-344.0	17.61	-7.19	55.06	307.51	-52.49	-0.860	0.000	18.470	-7.190	-2876.000	-2876.000
2010	11	27	8	16	1	331	290.0	-352.0	18.63	-5.37	55.06	307.51	-52.49	-0.860	0.000	19.490	-5.370	-2148.000	-2148.000
2010	11	27	8	16	1	331	290.0	-360.0	18.39	-6.55	55.06	307.51	-52.49	-0.860	0.000	19.250	-6.550	-2620.000	-2620.000
2010	11	27	8	16	1	331	290.0	-368.0	20.05	-4.97	55.06	307.51	-52.49	-0.860	0.000	20.910	-4.970	-1988.000	-1988.000
2010	11	27	8	16	1	331	290.0	-376.0	20.57	-2.88	55.06	307.51	-52.49	-0.860	0.000	21.430	-2.880	-1152.000	-1152.000
2010	11	27	8	16	1	331	290.0	-384.0	21.86	-2.98	55.06	307.51	-52.49	-0.860	0.000	22.720	-2.980	-1192.000	-1192.000
2010	11	27	8	16	1	331	290.0	-392.0	20.76	-0.17	55.06	307.51	-52.49	-0.860	0.000	21.620	-0.170	-68.000	-68.000
2010	11	27	8	16	1	331	290.0	-400.0	19.60	-2.85	55.06	307.51	-52.49	-0.860	0.000	20.460	-2.850	-1140.000	-1140.000
2010	11	27	8	16	1	331	290.0	-408.0	21.71	-1.52	55.06	307.51	-52.49	-0.860	0.000	22.570	-1.520	-608.000	-608.000
2010	11	27	8	16	1	331	290.0	-416.0	21.34	-1.58	55.06	307.51	-52.49	-0.860	0.000	22.200	-1.580	-632.000	-632.000
2010	11	27	8	16	1	331	290.0	-424.0	19.93	-2.86	55.06	307.51	-52.49	-0.860	0.000	20.790	-2.860	-1144.000	-1144.000
2010	11	27	8	16	1	331	290.0	-432.0	21.67	-3.51	55.06	307.51	-52.49	-0.860	0.000	22.530	-3.510	-1404.000	-1404.000
2010	11	27	8	16	1	331	290.0	-440.0	22.80	-4.13	55.06	307.51	-52.49	-0.860	0.000	23.660	-4.130	-1652.000	-1652.000
2010	11	27	8	16	1	331	290.0	-448.0	19.81	-5.41	55.06	307.51	-52.49	-0.860	0.000	20.670	-5.410	-2164.000	-2164.000
2010	11	27	8	16	1	331	290.0	-456.0	20.46	-2.71	55.06	307.51	-52.49	-0.860	0.000	21.320	-2.710	-1084.000	-1084.000
2010	11	27	8	16	1	331	290.0	-464.0	18.39	-4.77	55.06	307.51	-52.49	-0.860	0.000	19.250	-4.770	-1908.000	-1908.000
2010	11	27	8	16	1	331	290.0	-472.0	19.99	-3.30	55.06	307.51	-52.49	-0.860	0.000	20.850	-3.300	-1320.000	-1320.000
2010	11	27	8	16	1	331	290.0	-480.0	19.49	-3.93	55.06	307.51	-52.49	-0.860	0.000	20.350	-3.930	-1572.000	-1572.000
2010	11	27	8	16	1	331	290.0	-488.0	18.73	-3.20	55.06	307.51	-52.49	-0.860	0.000	19.590	-3.200	-1280.000	-1280.000
2010	11	27	8	16	1	331	290.0	-496.0	17.92	-2.56	55.06	307.51	-52.49	-0.860	0.000	18.780	-2.560	-1024.000	-1024.000
2010	11	27	8	16	1	331	290.0	-504.0	17.63	-3.40	55.06	307.51	-52.49	-0.860	0.000	18.490	-3.400	-1360.000	-1360.000
2010	11	27	8	16	1	331	290.0	-512.0	19.35	-6.43	55.06	307.51	-52.49	-0.860	0.000	20.210	-6.430	-2572.000	-2572.000
2010	11	27	8	16	1	331	290.0	-520.0	18.70	-2.63	55.06	307.51	-52.49	-0.860	0.000	19.560	-2.630	-1052.000	-1052.000
2010	11	27	8	16	1	331	290.0	-528.0	18.19	-0.40	55.06	307.51	-52.49	-0.860	0.000	19.050	-0.400	-160.000	-160.000
2010	11	27	8	16	1	331	290.0	-536.0	19.15	-2.59	55.06	307.51	-52.49	-0.860	0.000	20.010	-2.590	-1036.000	-1036.000
2010	11	27	8	16	1	331	290.0	-544.0	18.61	-2.34	55.06	307.51	-52.49	-0.860	0.000	19.470	-2.340	-936.000	-936.000
2010	11	27	8	16	1	331	290.0	-552.0	19.06	-3.58	55.06	307.51	-52.49	-0.860	0.000	19.920	-3.580	-1432.000	-1432.000
2010	11	27	8	16	1	331	290.0	-560.0	20.94	-0.88	55.06	307.51	-52.49	-0.860	0.000	21.800	-0.880	-352.000	-352.000
2010	11	27	8	16	1	331	290.0	-568.0	20.41	-3.46	55.06	307.51	-52.49	-0.860	0.000	21.270	-3.460	-1384.000	-1384.000
2010	11	27	8	16	1	331	290.0	-576.0	21.56	-2.83	55.06	307.51	-52.49	-0.860	0.000	22.420	-2.830	-1132.000	-1132.000
2010	11	27	8	16	1	331	290.0	-584.0	19.64	-3.41	55.06	307.51	-52.49	-0.860	0.000	20.500	-3.410	-1364.000	-1364.000
2010	11	27	8	16	1	331	290.0	-592.0	21.22	-2.06	55.06	307.51	-52.49	-0.860	0.000	22.080	-2.060	-824.000	-824.000
2010	11	27	8	16	1	331	290.0	-600.0	21.08	-3.77	55.06	307.51	-52.49	-0.860	0.000	21.940	-3.770	-1508.000	-1508.000
2010	11	27	8	16	1	331	290.0	-608.0	18.67	-5.34	55.06	307.51	-52.49	-0.860	0.000	19.530	-5.340	-2136.000	-2136.000
2010	11	27	8	16	1	331	290.0	-616.0	18.30	-6.33	55.06	307.51	-52.49	-0.860	0.000	19.160	-6.330	-2532.000	-2532.000
2010	11	27	8	16	1	331	290.0	-624.0	18.01	-4.92	55.06	307.51	-52.49	-0.860	0.000	18.870	-4.920	-1968.000	-1968.000
2010	11	27	7	3	1	331	295.0	-40.0	39.28	-24.79	55.05	307.56	-52.44	1.450	-2.050	37.830	-22.740	-9916.000	-9096.000
2010	11	27	7	3	1	331	295.0	-48.0	28.58	-14.09	55.05	307.56	-52.44	1.450	-2.050	27.130	-12.040	-5636.000	-4816.000
2010	11	27	7	3	1	331	295.0	-56.0	35.69	-6.99	55.05	307.56	-52.44	1.450	-2.050	34.240	-4.940	-2796.000	-1976.000
2010	11	27	7	3	1	331	295.0	-64.0	40.49	-7.09	55.05	307.56	-52.44	1.450	-2.050	39.040	-5.040	-2836.000	-2016.000
2010	11	27	7	3	1	331	295.0	-72.0	35.08	-0.29	55.05	307.56	-52.44	1.450	-2.050	33.630	1.760	-116.000	704.000
2010	11	27	7	3	1	331	295.0	-80.0	32.78	-5.79	55.05	307.56	-52.44	1.450	-2.050	31.330	-3.740	-2316.000	-1496.000
2010	11	27	7	3	1	331	295.0	-88.0	31.78	2.01	55.05	307.56	-52.44	1.450	-2.050	30.330	4.060	804.000	1624.000
2010	11	27	7	3	1	331	295.0	-96.0	28.89	-4.19	55.05	307.56	-52.44	1.450	-2.050	27.440	-2.140	-1676.000	-856.000
2010	11	27	7	3	1	331	295.0	-104.0	32.49	-3.39	55.05	307.56	-52.44	1.450	-2.050	31.040	-1.340	-1356.000	-536.000
2010	11	27	7	3	1	331	295.0	-112.0	33.88	0.51	55.05	307.56	-52.44	1.450	-2.050	32.430	2.560	204.000	1024.000
2010	11	27	7	3	1	331	295.0	-120.0	37.19	0.81	55.05	307.56	-52.44	1.450	-2.050	35.740	2.860	324.000	1144.000
2010	11	27	7	3	1	331	295.0	-128.0	28.44	5.22	55.05	307.55	-52.45	1.460	-2.050	26.980	7.270	2088.000	2908.000
2010	11	27	7	3	1	331	295.0	-136.0	30.94	-2.33	55.05	307.55	-52.45	1.460	-2.050	29.480	-0.280	-932.000	-112.000
2010	11	27	7	3	1	331	295.0	-144.0	37.99	10.31	55.05	307.56	-52.44	1.450	-2.050	36.540	12.360	4124.000	4944.000
2010	11	27	7	3	1	331	295.0	-152.0	27.08	6.51	55.05	307.56	-52.44	1.450	-2.050	25.630	8.560	2604.000	3424.000
2010	11	27	7	3	1	331	295.0	-160.0	32.99	0.71	55.05	307.56	-52.44	1.450	-2.050	31.540	2.760	284.000	1104.000
2010	11	27	7	3	1	331	295.0	-168.0	20.49	6.91	55.05	307.56	-52.44	1.450	-2.050	19.040	8.960	2764.000	3584.000
2010	11	27	7	3	1	331	295.0	-176.0	29.99	2.51	55.05	307.56	-52.44	1.450	-2.050	28.540	4.560	1004.000	1824.000
2010	11	27	7	3	1	331	295.0	-184.0	28.28	-4.59	55.05	307.56	-52.44	1.450	-2.050	26.830	-2.540	-1836.000	-1016.000
2010	11	27	7	3	1	331	295.0	-192.0	27.68	-5.59	55.05	307.56	-52.44	1.450	-2.050	26.230	-3.540	-2236.000	-1416.000
2010	11	27	7	3	1	331	295.0	-200.0	28.18	-13.69	55.05	307.56	-52.44	1.450	-2.050	26.730	-11.640	-5476.000	-4656.000
2010	11	27	7	3	1	331	295.0	-208.0	25.78	1.91	55.05	307.56	-52.44	1.450	-2.050	24.330	3.960	764.000	1584.000
2010	11	27	7	3	1	331	295.0	-216.0	30.78	4.11	55.05	307.56	-52.44	1.450	-2.050	29.330	6.160	1644.000	2464.000
2010	11	27	7	3	1	331	295.0	-224.0	28.18	3.21	55.05	307.56	-52.44	1.450	-2.050	26.730	5.260	1284.000	2104.000
2010	11	27	7	3	1	331	295.0	-232.0	22.78	5.01	55.05	307.56	-52.44	1.450	-2.050	21.330	7.060	2004.000	2824.000
2010	11	27	7	3	1	331	295.0	-240.0	17.68	0.91	55.05	307.56	-52.44	1.450	-2.050	16.230	2.960	364.000	1184.000
2010	11	27	7	3	1	331	295.0	-248.0	19.08	-4.29	55.05	307.56	-52.44	1.450	-2.050	17.630	-2.240	-1716.000	-896.000
2010	11	27	7	3	1	331	295.0	-256.0	24.18	-6.09	55.05	307.56	-52.44	1.450	-2.050	22.730	-4.040	-2436.000	-1616.000
2010	11	27	7	3	1	331	295.0	-264.0	21.68	-3.99	55.05	307.56	-52.44	1.450	-2.050	20.230	-1.940	-1596.000	-776.000
2010	11	27	7	3	1	331	295.0	-272.0	14.39	-5.49	55.05	307.56	-52.44	1.450	-2.050	12.940	-3.440	-2196.000	-1376.000
2010	11	27	7	3	1	331	295.0	-280.0	21.39	-3.19	55.05	307.56	-52.44	1.450	-2.050	19.940	-1.140	-1276.000	-456.000
2010	11	27	7	3	1	331	295.0	-288.0	21.78	-7.99	55.05	307.56	-52.44	1.450	-2.050	20.330	-5.940	-3196.000	-2376.000
2010	11	27	7	3	1	331	295.0	-296.0	23.39	1.01	55.05	307.56	-52.44	1.450	-2.050	21.940	3.060	404.000	1224.000
2010	11	27	7	3	1	331	295.0	-304.0	21.68	-1.79	55.05	307.56	-52.44	1.450	-2.050	20.230	0.260	-716.000	104.000
2010	11	27	7	3	1	331	295.0	-312.0	19.28	-3.09	55.05	307.56	-52.44	1.450	-2.050	17.830	-1.040	-1236.000	-416.000
2010	11	27	7	3	1	331	295.0	-320.0	18.99	-7.29	55.05	307.56	-52.44	1.450	-2.050	17.540	-5.240	-2916.000	-2096.000
2010	11	27	7	3	1	331	295.0	-328.0	22.99	-0.69	55.05	307.56	-52.44	1.450	-2.050	21.540	1.360	-276.000	544.000
2010	11	27	7	3	1	331	295.0	-336.0	20.49	-6.29	55.05	307.56	-52.44	1.450	-2.050	19.040	-4.240	-2516.000	-1696.000
2010	11	27	7	3	1	331	295.0	-344.0	18.39	-4.69	55.05	307.56	-52.44	1.450	-2.050	16.940	-2.640	-1876.000	-1056.000
2010	11	27	7	3	1	331	295.0	-352.0	22.08	-4.99	55.05	307.56	-52.44	1.450	-2.050	20.630	-2.940	-1996.000	-1176.000
2010	11	27	7	3	1	331	295.0	-360.0	29.08	3.21	55.05	307.56	-52.44	1.450	-2.050	27.630	5.260	1284.000	2104.000
2010	11	27	7	3	1	331	295.0	-368.0	29.68	-3.09	55.05	307.56	-52.44	1.450	-2.050	28.230	-1.040	-1236.000	-416.000
2010	11	27	7	3	1	331	295.0	-376.0	26.18	-8.19	55.05	307.56	-52.44	1.450	-2.050	24.730	-6.140	-3276.000	-2456.000
2010	11	27	7	3	1	331	295.0	-384.0	17.49	-7.79	55.05	307.56	-52.44	1.450	-2.050	16.040	-5.740	-3116.000	-2296.000
2010	11	27	7	3	1	331	295.0	-392.0	24.78	-7.59	55.05	307.56	-52.44	1.450	-2.050	23.330	-5.540	-3036.000	-2216.000
2010	11	27	7	3	1	331	295.0	-400.0	27.08	-8.79	55.05	307.56	-52.44	1.450	-2.050	25.630	-6.740	-3516.000	-2696.000
2010	11	27	7	3	1	331	295.0	-408.0	18.89	-2.79	55.05	307.56	-52.44	1.450	-2.050	17.440	-0.740	-1116.000	-296.000
2010	11	27	7	3	1	331	295.0	-416.0	18.49	-6.39	55.05	307.56	-52.44	1.450	-2.050	17.040	-4.340	-2556.000	-1736.000
2010	11	27	7	3	1	331	295.0	-432.0	17.99	-4.09	55.05	307.56	-52.44	1.450	-2.050	16.540	-2.040	-1636.000	-816.000
2010	11	27	7	3	1	331	295.0	-448.0	24.28	-8.69	55.05	307.56	-52.44	1.450	-2.050	22.830	-6.640	-3476.000	-2656.000
2010	11	27	7	3	1	331	295.0	-456.0	23.49	-0.29	55.05	307.56	-52.44	1.450	-2.050	22.040	1.760	-116.000	704.000
2010	11	27	7	3	1	331	295.0	-464.0	16.18	-4.69	55.05	307.56	-52.44	1.450	-2.050	14.730	-2.640	-1876.000	-1056.000
2010	11	27	7	3	1	331	295.0	-480.0	22.58	-0.19	55.05	307.56	-52.44	1.450	-2.050	21.130	1.860	-76.000	744.000
2010	11	27	7	3	1	331	295.0	-488.0	16.58	-3.69	55.05	307.56	-52.44	1.450	-2.050	15.130	-1.640	-1476.000	-656.000
2010	11	27	7	3	1	331	295.0	-496.0	19.58	-7.09	55.05	307.56	-52.44	1.450	-2.050	18.130	-5.040	-2836.000	-2016.000
2010	11	27	7	3	1	331	295.0	-504.0	22.68	1.11	55.05	307.56	-52.44	1.450	-2.050	21.230	3.160	444.000	1264.000
2010	11	27	7	3	1	331	295.0	-512.0	18.18	0.21	55.05	307.56	-52.44	1.450	-2.050	16.730	2.260	84.000	904.000
2010	11	27	7	3	1	331	295.0	-520.0	15.89	-2.09	55.05	307.56	-52.44	1.450	-2.050	14.440	-0.040	-836.000	-16.000
2010	11	27	7	3	1	331	295.0	-528.0	14.09	-3.99	55.05	307.56	-52.44	1.450	-2.050	12.640	-1.940	-1596.000	-776.000
2010	11	27	7	3	1	331	295.0	-544.0	12.39	-4.89	55.05	307.56	-52.44	1.450	-2.050	10.940	-2.840	-1956.000	-1136.000
2010	11	27	7	3	1	331	295.0	-568.0	21.68	-3.69	55.05	307.56	-52.44	1.450	-2.050	20.230	-1.640	-1476.000	-656.000
2010	11	27	7	3	1	331	295.0	-576.0	20.49	2.11	55.05	307.56	-52.44	1.450	-2.050	19.040	4.160	844.000	1664.000
2010	11	27	7	3	1	331	295.0	-584.0	17.78	-5.89	55.05	307.56	-52.44	1.450	-2.050	16.330	-3.840	-2356.000	-1536.000
